#
# GMT Mon Jun 17 18:14:41 2019
# 
0
1
2
3
4
5
6 40 641 36 141
7 65 715
8 779 124
9
10 138 694
11 170 818 77
12 376 37 406 23
13
14 34 842 278
15 644 140 31
16 826 43 14
17 841 845
18
19
20 44 685 422
21
22 80 178 772 340
23 244 694
24 763 598
25 89 802
26 469 443 117
27 608 73 681 116
28 293 133 606
29 10 147 290
30 713 651 643
31 98 771 61
32 688 716 837
33 80 100 45 183
34 778 35
35 548 142 359
36
37 672 68
38 218 90
39 649 318 639
40 778 174 757 134
41
42
43 442 587 343
44 121 26 164
45 112 28 53
46
47
48
49
50 369 695 347 334 719
51 760 113 622
52
53 88 689 139
54 153 132 663
55 456 806 742
56 600 299 748
57 627 276 699
58
59 537 637 86
60 49 356 126
61
62
63 744 274 592
64 520 144 221
65 404 799 79
66 418 691 701
67 747 815
68
69 602 261 55
70 146 607
71
72
73 176 320 289 151 795
74
75 592 809 657
76 832 666 383
77 244 740 534
78 415 191 447
79 538 403 526 615
80 674 454 150
81 472 792 190
82 225 434 727
83 152 394 663
84 640 65 582 287
85 810 675 238 391
86 485 326 406 520 661 731 188
87 346 347 567
88 340 207
89 800 562 693 59 619 828 751
90 232 774 776 715 510
91 584 714 642 411
92 324 119 135 136 382
93
94
95 368 50 8 41 11
96 128 770 4 38 809 766
97 662 366
98 172 191
99
100 97 99 182 29 111
101 329 110 95
102 33 531
103 129 838
104 91 30
105 843 101
106 104 846
107 16 834 130 51 629 847 547 15
108 824 107
109 108 20
110
111 652 429 823
112 721 123
113
114
115
116 64 161 207 607
117 800 788
118 424 158 214
119 384 528 253
120 370 750
121 624 186
122
123 179 597
124 82
125 428 543
126 404 350
127 163
128 210 756 630 487
129 162 764
130
131 296 66 355 364
132 137 690
133 339 157 247
134 156 758 775
135 120 25 168
136
137
138 392 19 303 431
139 317 357 22
140 352 27 588 181
141 579 358
142 466 403
143 59 530 755
144 668 199
145 5 94
146 242 468 327
147 177 442 282 757
148
149 489 595 548
150 381 230
151 728 0 796
152 341 574
153 321 529 295
154 418 459 271
155 269 246 159
156 696 665 386
157
158 552 514 259
159 42 199 215
160 728 154 284
161 764 590
162 752 563 212
163 586 427 628 338
164 57 740
165 192 602
166 279 815
167 525 806 151
168 193 556 297
169 420 332 485
170 625 618 754
171
172 578 460 526
173 144 377 83 285
174 249 765
175 674 663
176 298 740 383
177
178 609 630 534
179 658 751 527
180 268 590 527
181 432 705 194 548
182 557 717
183 405 383
184 797 477 398
185
186 712 202 144
187 288 544 724
188 474 323 707 430
189 626 818
190 313 818 261
191 531 574 479
192 256 288 48
193
194 216 818 659
195 554 238 231
196 832 781 510
197 489 610 729 342
198 403 406
199 674 676
200 785 227 238
201
202 58 435 575
203 739 438 671
204 437 405 429
205 0 404 220 444
206 552 401
207 524 244 398
208 256 72 519
209 176 386 158
210 281 76 509
211
212 73 74 220 222
213 680 148
214
215
216 523 227 52
217 297 660 793
218 656 289 291
219 418 803 399
220 316 670
221 312 522 532 410
222 301 733
223
224
225
226
227
228 811 287
229 684 511
230 9 546
231
232 490 403
233
234
235 792 556
236 737 468 804 822
237 458 558
238
239
240
241
242
243
244 678 822
245 673 74 831
246 399 473 679
247 803 383
248 809 670 815
249
250
251 681 828 677
252 250 658 683
253 248 514 812 199
254 672 148 548 246
255 493 662
256 249 819 684
257 552 482 675
258 1 474 398 791
259 793 492 516 549
260 1 787 247
261 9 554 542
262 672 476 542 791
263 664 401 661 561
264 544 513 813 671
265
266
267
268
269 555 789 591
270
271
272
273
274
275 820 662
276
277
278
279 793 260
280
281
282 804 517 522 782 815 659 467 501 474 541
283
284 523 812 491
285
286 293 62
287 261 62 327
288 490 275
289
290
291
292 277 271
293 484 815 464 592 114 277 821 405 344 668 478
294
295 240 281
296 320 225 256 226 71 295 813 399 785 787 502 406
297 260 277 821 502 329
298 312 289 812 680
299 568 289 818 500
300 504 320 603
301 810 299 554 558 242 793 252 543
302 408 490 499 286
303 601 283 461 463
304
305 322 485 149 534 811 732 572
306
307
308 808 796 149 279
309 313 564 670 791
310
311 670 383
312 665 814 807
313 473 547 684 814
314 832 467 829
315 498 667 467 815
316 9 564 804 807
317 792 677 486 680
318 463 475 805 243
319 406 476 781 822
320 489 266 805 558
321
322
323 400 668
324 739 330 589 784 593 241 248 217 479
325
326 682 822
327 321 255 76 495 240 498 821 409 795 797 830 319
328
329 264 798
330 801 225 679 263 490 829 271 830 273 148 669 798
331 256 787 468 507 798
332 225 682 465 318
333 520 224 267 597
334 399 315 243
335 224 262 231 746 528 304 247 666
336 449 13 790 231
337 321 509 625 534
338 0 226 3 804 290 603 239
339 485 551 335
340 344 409 226
341
342 625 202 802 669
343 498 387 386 219 426 331 606
344
345 816 245 671
346 48 708 373 294 215 408 311
347 312 628 589
348 466 372 615 635 810 571 206
349 378 250 597
350 620 175 706 535 780 349 575
351 441 699 212
352 720 340 295 697 251 651 573
353
354
355 403 727 648 730 639
356 428 628 85 710
357 768 233 84 397
358 673 451 692 759 761 635 623
359 564 790 246
360 751 727
361
362 21 613 376 617 828
363 640 362 636 154
364 192 698 314 181
365 513 67 452 627 277 125 686
366 242 189
367 585 309
368 119 367
369 69 478
370
371
372 417 229 614
373 668 76 566 807
374 512 379
375 833 769 371
376 200 580
377 209 195 799 743
378 705 204 439
379
380 260 661 558
381 184 594 507 810
382
383
384
385 1 530 308 325 521 783
386 741 149
387 512 809 151
388 551 796 783 831
389 411 302 831
390 666 599
391 290 804
392 465 675 325 806 647
393 234 634
394
395
396 168 600 47
397
398
399
400
401 317 462 383
402
403 664 13 791
404 240 9 517 785
405 74 3 462
406 786 482 810
407 786 402
408 500 199
409
410 738 787 183
411 833
412 491 316
413 253 479
414 254
415 1 829 497 799
416 594 533
417 144 565
418
419
420 658 245 407
421 184 322 331 310
422 331 3 436
423 280 681 549
424 560 506 93
425 593 379 785
426 265 427 148
427
428
429 463 547 462 151
430 482 764 830 519
431 257 284 76 311
432 201 697
433 387 475
434 385 461
435
436
437 553 435 748
438
439 472 219 532
440 532 541 495
441
442 304 729 718 273
443 427 670
444
445
446 529 596 669 278
447 475 477 598
448 808 308 176
449
450 184 412 501
451 529 310 216 506 794 301 445
452 259 439 731 732 62
453 345 438
454 249 645
455 197 390
456
457
458 680 291 471
459 464 260
460 145 606
461 148 533 663
462 808 52
463 72 811
464 822 813 542
465 481 276 398 407
466
467 681 668 551
468
469 788 245
470 794 477 247
471 481 258
472 9 52 5
473
474 833 561 794
475 592 667
476
477 515 815 227
478 1 789 679
479 788 311
480 673 13 789
481 666 251 669
482
483 1 665 828
484 817 52
485
486
487
488 817 562 3
489 227 789 486 823 828
490
491 833 550
492 541 550 199
493 804 5 654
494 564 805 199 488 473 13
495 665 830 815
496
497 664 673 788
498 496 562 809 488 681 252 255
499
500 785 261 485 789 810 251
501 681 515 553
502 241 313 472 553 491 814 655
503 501 325
504 512 682 475
505 544 592 402 821 807 543 383
506 592 313 794 682
507 264 475
508 419 398
509 291 279
510 525 407
511
512
513 257 819
514
515 488 667 253
516 795 492 483
517 486 814 255
518 473 780
519 148 684
520
521 249 470 671
522 278
523 673 820
524 798 799
525 551
526 785 530 819 546
527 403 604
528 501 237
529
530
531 558 797 669
532 225 524
533 809 491 532
534 72 310 223
535 224 314 814
536 682 684 254
537 411 557 823
538 249 418 667 311
539 500 558
540 611 403
541
542
543
544
545 660 252
546 464 552 664
547 663
548
549 780
550
551 792 816 812
552 666 805
553 489 383
554 491 486
555 400 491 253 550
556 553 474
557 484 246
558 553 683 517 819
559 783
560 546 787
561
562 822
563
564
565 821
566 308 78 812
567
568
569 462 494
570
571 193 498 479 655
572
573 344 300 532 46
574 681 745
575 468 247
576 546 660
577
578 423
579
580 200
581 613 814
582 781 551
583 528 203
584 553 453
585 203 599
586 612 565
587 539 375
588
589
590
591 673 42 828
592
593
594 289 3 801
595 657 2 482
596 9 228 797
597 817 507 782
598 816 595
599 176 402
600
601 290 482 667 74
602 175
603 249 782
604 72 809
605 518
606 499 541 718 71
607 819 559
608 570 547
609 169 460
610
611
612 47 262 303
613 784 277 677
614 274 234 550
615 403 470 503
616 488 604 614
617 721 233 750
618 329 389 278
619 79 638 703
620 538 155 820 813
621 216 42 171 455
622 650 575
623 514 166
624 331 623
625
626
627 634 3 478
628 115 420 661 406
629
630
631
632 481 154 307
633 425 75
634
635
636 416 257 480 742 631 728 395
637 288 407
638 154 211 767
639 745 306 407
640 656 681 187
641 273 401
642 208 741
643 362 414
644 464 263
645
646
647 256 154 388
648 74 581 213 614
649 752 702
650 450 332 301
651 361 122 18
652 131 180 405
653 687 659 127
654
655
656
657 592 674 810 655
658 592 1
659
660
661 2 564 823
662
663 564 661
664 592 266
665 812
666 654 663
667
668 811
669 592 803 654
670 669 823
671 811
672 9 810 803 666
673
674 5 821
675 667 669
676 398 655
677 828 542
678 822 668 814 823
679 2 822
680 675
681 0 659 677
682 680 812
683 680 669
684 266 804
685 24 483 403
686 321 339
687 768 87
688 363 118 71
689 286 205 198 270
690
691
692
693 406 540 820
694 649 114 676
695 393 706
696
697
698
699 81 155 412 165
700 736 589 749 726
701
702
703 737 414
704 576 160 802 424 457 301 272 311 605 799
705
706 562 522
707 226 421 490 235 459 718 336 657 252 632 636 446
708
709 738 415
710 417 803 709 427 333 47 529 503 345 636 381 255
711 272 521 298 236 269
712 440 809 48 583
713 722 787 494 519
714 569 445 399
715 752 191 242 167 380 700 413 604
716 705 570 625 247
717 633 211 204 63
718 832 675 684
719 114 572 646
720 433 277 374 391
721
722 681 498 735
723 784 410
724
725
726 400 334 503
727 733 166
728
729 796 597 558
730 302 502
731
732
733
734 284 239
735 242 804 487 58 813
736
737
738
739
740
741 781 791 410 507 493
742 664 829 478 669
743 746 75 812
744 505 529 287
745
746 560 3 739
747 306 803 558
748 785 533 517 549
749 298 293 549
750 514 598 743 264 333 285
751
752 305 442 502
753 292 822 683 316 734 415
754 448 328 670
755 704 256 403 293 214 302
756 337 433
757 401 354 371 293 423 543
758 723 451 725 70 392 506 348
759 240 203 173 375
760 616 577 196
761
762
763
764 598 329 602 459 429
765 431 250 290 311
766 56 615 71
767 228 590 604
768 516 518 183
769 472 388 711
770 275 377 185 478
771 236 678 68
772 353 482 212 463
773 456 753 156 735
774 400 802 494 253 60 365 686
775 545 621 582 637 351
776 508 605
777 762 511
778 536 777
779 360 92
780
781
782
783 794 314
784 0 562 252
785
786 52
787
788 809
789
790
791 657 812 806
792 682 13
793 678 487
794 72 679 491 199
795 816 72
796 497 565
797 554 266 541 669
798 497 259
799 656 817
800 681 467 244 814
801 255
802 524 533
803
804
805
806 672 2
807 266 659 654
808
809 9
810
811 565 654
812 664 667 821
813 266 669
814 810 13
815 664 809 813 814
816 661 662
817 675 13
818 662 547 13 398
819 818
820 789 654
821
822 660 821
823 821 822
824
825
826 32 102
827 106 708 773
828
829 806 671
830
831 660 669 663
832 674 676
833 665 662
834
835 840 12 96
836 353 557 143
837
838
839 105 653 7
840
841
842
843 6 39 825 396 351
844 835 836
845 844 103
846 54 839
847 17 827
