#
# GMT Mon Jun 17 18:14:20 2019
# 
0
1
2
3
4
5
6 513 834 75 94
7 825 45
8 24 454
9
10 132 351
11 172 573 134
12 704 393 641 167
13
14 90 453 567
15 96 40 842
16 826 355 836
17 16 846
18
19
20 12 381 663
21
22 544 379 460 182
23 171 701
24 88 789
25 187 742
26 257 173 390
27 832 594 364 269
28 4 157 431
29 84 366 831
30 649 365 334
31 696 34 43
32 779 292 454
33 25 628 61 111
34 52 54
35 112 97 837
36
37 714 434
38 409 67
39 584 209 319
40 621 339 228 765
41
42
43 117 131 653
44 179 566 39
45 571 645 622
46
47
48
49
50 835 741 358 91 60
51 264 99 607
52
53 11 133 451
54 609 634 92
55 521 740 495
56 321 522 228
57 768 588 631
58
59 461 85 351
60 301 771 165
61
62
63 753 203 214
64 752 327 559
65 200 498 334
66 803 275 223
67 809 661
68
69 338 395 71
70 531 391
71
72
73 593 626 209 488 201
74
75 13 789 822
76 514 314 791
77 467 549 823
78 248 530 639
79 318 249 245 118
80 256 539 511
81 200 762 756
82 820 293 423
83 184 210 68
84 770 269 125 758
85 640 772 374 712
86 627 117 373 57 170 524
87 56 61 119
88 66 443
89 385 130 52 70 455 170 621
90 83 52 776 540 623
91 360 409 404 289
92 49 196 126 139 526
93
94
95 50 58 587 348 190
96 129 354 154 777 138 14
97 841 843
98 78 839
99
100 334 435 37 775 606
101 472 41 140
102 98 141
103 845 367
104 35 102
105 430 103
106 827 44
107 773 106 844 142 847 368 17 824
108 105 107
109 108 838
110
111 8 648 147 29
112 840 33
113
114
115
116 698 333 733 658
117 162 495
118 328 787 747
119 456 604 764
120 86 439
121 153 293
122
123 618 583
124 350
125 505 525
126 636 701
127 687
128 496 81 426 651
129 537 28
130
131 814 442 348 774
132 794 412
133 377 220 524
134 137 189 799
135 128 387 357
136
137
138 329 113 186 67
139 620 174 343
140 136 163 36 6
141 164 766
142 65 20
143 392 714 134
144 184 234
145 513 94
146 328 547 662
147 346 123 652 203
148
149 697 306 590
150 161 500
151 785 114 821
152 193 77
153 304 180 78
154 521 331 551
155 290 731 468
156 763 341 815
157
158 283 493 407
159 480 523 243
160 306 13 471
161 681 493
162 240 209 579
163 228 533 150 413
164 660 359
165 458 159
166 232 262
167 440 428 191
168 829 654 471
169 792 748 541
170 721 539 372
171
172 234 757 402
173 152 528 452 796
174 443 637
175 673 812
176 530 226 562
177
178 536 635 335
179 664 471 583
180 699 525 206
181 466 770 452 270
182 18 205
183 258 3
184 464 401 311
185
186 632 42 693
187 211 411 702
188 501 570 283 517
189 594 614
190 547 93 831
191 656 436 471
192 574 829 750
193
194 408 553 667
195 297 246 791
196 481 148 295
197 329 401 607 727
198 313 541
199 656 3
200 805 71 791
201
202 503 718 327
203 242 511 519
204 448 561 589
205 168 233 299 558
206 600 305
207 273 555 279
208 280 729 534
209 144 315 332
210 199 700 559
211
212 680 477 324 284
213 251 301
214
215
216 259 291 491
217 796 277 831
218 795 294 491
219 114 287 159
220 725 229 310
221 814 481 662 159
222 320 729
223
224
225
226
227
228 792 313
229 594 828
230 407 783
231
232 260 326
233
234
235 475 159
236 592 529 490 821
237 420 324
238
239
240
241
242
243
244 266 819
245 658 2 660
246 554 818 402
247 74 670
248 242 244 175
249
250
251 832 819 548
252 554 804 245
253 816 547 476 175
254 62 789 830 661
255 673 780
256 810 823 671
257 248 681 823
258 671 561 493 311
259 561 812 793 311
260 256 683 804 245
261 792 71 655
262 787 403 789 679
263 672 818 662 175
264 314 2 670 263
265
266
267
268
269 656 257 492
270
271
272
273
274
275 785 71
276
277
278
279 259 309
280
281
282 0 258 676 263 13 658 281 732 413 479
283
284 281 498 797
285
286 785 474
287 226 93 261
288 661 310
289
290
291
292 816 794
293 672 261 807 554 491 398 399 467 403 276 478
294
295 681 516
296 512 295 268 239 463 273 658 562 403 404 315 830
297 275 310 312 267 477
298 793 401 498 477
299 497 290 93 545
300 72 281 551
301 800 418 332 556 816 498 405 665
302 800 516 557 292
303 288 468 524 246
304
305 208 499 260 300 333 734 447
306
307
308 458 763 668 301
309 561 811 668 663
310
311 2 667
312 666 667 669
313 656 675 804 671
314 400 251 565 806
315 244 820 541 790
316 281 828 398 561
317 680 833 251 828
318 401 786 494 551
319 832 401 310 311
320 544 9 247 327
321
322
323 42 286
324 737 804 294 472 297 278 311 216 506 799
325
326 678 462
327 832 545 804 549 71 264 488 75 819 412 286
328
329 248 497
330 480 545 325 263 403 564 468 787 794 252 93 254
331 673 787 739 405 492
332 320 625 598 310
333 298 743 406 255
334 321 398 94
335 800 401 490 2 487 200 506 302
336 416 9 494 591
337 210 819 148 52
338 2 580 517 822 199 300 327
339 416 314 239
340 305 610 444
341
342 803 282 611 253
343 299 723 424 169 315 76 605
344
345 425 723 420
346 595 116 519 473 396 429 638
347 632 784 509
348 194 340 427 438 345 171 828
349 178 612 199
350 115 507 582 759 250 715 191
351 689 617 1
352 592 723 181 757 373 760 621
353
354
355 64 577 184 415 655
356 616 649 629 510
357 802 363 195 542
358 295 356 507 650 619 124 541
359 337 252 249
360 624 647
361
362 722 471 231 204 206
363 370 755 685 431
364 344 257 446 695
365 352 642 645 383 696 188 143
366 385 711
367 51 644
368 668 221
369 121 502
370
371
372 0 305 229
373 590 485 726 543
374 713 122
375 664 739 630
376 585 461
377 664 177 710 1
378 193 218 655
379
380 421 678 551
381 795 567 459 510
382
383
384
385 192 705 563 821 457 602
386 676 663
387 601 481 237
388 266 818 251 703
389 424 523 382
390 290 781
391 450 333
392 417 342 615 670 46
393 221 375
394
395
396 553 218 282
397
398
399
400
401 480 252 62
402
403 248 555 671
404 240 241 788 813
405 496 256 13
406 552 260 656
407 325 814
408 42 790
409
410 819 718 278
411 245
412 261 478
413 274 326
414 311
415 313 306 419 287
416 322 235
417 336 783
418
419
420 225 819 655
421 532 677 814 383
422 272 275 277
423 72 225 592
424 154 749 535
425 605 677 831
426 668 631 303
427
428
429 546 580 780 831
430 769 602 511 191
431 176 308 726 415
432 712 332
433 80 459
434 586 719
435
436
437 160 268 215
438
439 281 467 428
440 803 333 575
441
442 282 475 732 263
443 192 750
444
445
446 304 610 683 572
447 547 491 508
448 748 798 262
449
450 400 632 422
451 768 238 715 476 823 254 799
452 548 264 394 637 303
453 612 660
454 569 795
455 801 717
456
457
458 625 418 798
459 1 490
460 635 404
461 249 748 550
462 832 823
463 809 311
464 680 492 309
465 786 227 551 559
466
467 227 551 199
468
469 241 242
470 657 114 490
471 529 406
472 544 804 821
473
474 818 251 807
475 241 262
476
477 682 476 810
478 820 556 487
479 464 260
480 672 592 255
481 256 547 501
482
483 492 654 463
484 674 811
485
486
487
488 780 789 255
489 564 791 793 812 830
490
491 656 52
492 656 820 804
493 72 810 830
494 656 657 803 662 474
495 243 828 255
496
497 512 13 263
498 512 290 548 405 406 13 398
499
500 817 545 403 550 666 42 285
501 738 277 541
502 240 401 812 487 793 780 541
503 289 478
504 9 662 543
505 467 293 806 262 280 315 664
506 513 546 532 327
507 250 215
508 325 55
509 275 399
510 744 441
511
512
513 738 483
514
515 94 501 278
516 401 786 795
517 787 317 823
518 244 551
519 227 739
520
521 472 492
522 268
523 780 285
524 288 231
525 665
526 737 324 260 412
527 736 660
528 702 151
529
530
531 233 805 223
532 795 3
533 833 419 597
534 736 466 506
535 521 741 574
536 473 284 599
537 251 148 421
538 593 428 501 316
539 413 46
540 668 341
541
542
543
544
545 823 807
546 592 489 0
547 665
548
549 811
550
551 9 52 821
552 664 659
553 9 810
554 312 3
555 256 665 552 565
556 553 247
557 817 814
558 681 276 796 495
559 74
560 3 318
561
562 0
563
564
565 821
566 724 166 751
567
568
569 323 380
570
571 768 606 158 486
572
573 274 498 764 326
574 529 799
575 492 525
576 521 635
577
578 513
579
580 465
581 328 289 562 316
582 632 283
583 56 705
584 731 708
585 154 596
586 76 13
587 336 542
588
589
590
591 398 190 199
592
593
594 792 293 223
595 184 589 383
596 545 330 831
597 276 310 247
598 739 829
599 745 494
600
601 674 314 190 175
602 733
603 410 259
604 520 674
605 666
606 655 225 766 711
607 769 707
608 220 701
609 728 537
610
611
612 728 337 743
613 505 379 591
614 608 281 816
615 456 731 451
616 1 435 780
617 761 681 446
618 833 73 336
619 255 612 47
620 576 290 662 670
621 378 258 613 618
622 82 21
623 361 686
624 347 527
625
626
627 452 197 389
628 311 543 437 55
629
630
631
632 475 669 782
633 529 795
634
635
636 548 709 247 746 476 791 734
637 344 219
638 236 740 327
639 208 691 388
640 496 116 756
641 754 523
642 342 79
643 243 349
644 450 371
645
646
647 720 234 578
648 48 772 796 518
649 403 606
650 336 210 455
651 409 362 767
652 353 778 221
653 688 643 432
654
655
656
657 656 666 564 815
658 664 829
659
660
661 2 564 822
662
663 564 821
664 810 13 662
665 810 661
666 565 662
667
668 822
669 565 662 823
670 660 663
671 565
672 811 803 1 823
673
674 809 2
675 803 5
676 592 661
677 812 789
678 657 822 817
679 808 830
680 1 675
681 0 780 813
682 674 662
683 547 669
684 309 670
685 321 161 149
686 185 198
687 483 166
688 323 581 646
689 449 723 308 215
690
691
692
693 289 498 310
694 571 69 630
695 52 175
696
697
698
699 312 402 710 735
700 72 145 555 325
701
702
703 260 477
704 288 708 292 472 296 297 818 504 412 317
705
706 320 718
707 288 290 805 488 200 489 495 532 503 476 190
708
709 217 679
710 5 295 593 273 307 820 725 632 410 763 284 222
711 784 818 266 299 190
712 465 682 419 468
713 336 233 563 397
714 312 300 711
715 697 484 420 149 248 265 537 270
716 440 235 383 247
717 655 449 382 63
718 803 52 812
719 547 213 445
720 706 515 532 158
721
722 538 747 207
723 145 339
724
725
726 552 579 764
727 401 742
728
729 322 148 405
730 324 215
731
732
733
734 675 215
735 1 488 253 462 783
736
737
738
739
740
741 816 659 675 283 175
742 808 413 502 399
743 248 277 789
744 281 788 671
745
746 554 803 797
747 746 492 285
748 545 491 244 414
749 763 797 471
750 531 725 405 568 764 558
751
752 512 730 199
753 0 593 330 379 525 271
754 201 260 710
755 576 192 322 580 469 782
756 202 306
757 432 566 471 746 603 638
758 144 817 482 768 212 216 633
759 240 737 499 716
760 376 684 591
761
762
763
764 224 0 739 743 251
765 176 673 830 464
766 74 748 268
767 183 398 151
768 441 678 703
769 473 476 829
770 300 237 230 286
771 233 155 710
772 458 578 818 175
773 280 690 386 146
774 433 787 3 70 119 330 637
775 384 272 628 692 156
776 26 59
777 694 38
778 522 127
779 238 23
780
781
782
783 290 255
784 3 326 255
785
786 402
787
788 463
789
790
791 9 670 806
792 547 671
793 785 676
794 541 467 52 477
795 809 399
796 290 239
797 495 515 383
798 547 317
799 821 670
800 272 659 412 470
801 812
802 544 226
803
804
805
806 808 547
807 816 813 383
808
809 3
810
811 3 822 823
812 13 564 661
813 1 821
814 2 564
815 814 666 565 806
816 592 2
817 3 661
818 592 811 676 383
819 828
820 810 803
821
822 2 660 654
823 821 822
824
825
826 427 53
827 104 89 100
828
829 804 805
830
831 3 830 671
832 658 811
833 227 310
834
835 120 19 27
836 403 22 7
837
838
839 92 110 31
840
841
842
843 560 369 318 135 30
844 647 87
845 10 95
846 32 180
847 101 15
