#
# GMT Mon Jun 17 18:14:31 2019
# 
0
1
2
3
4
5
6 840 729 459 340
7 689 140
8 352 431
9
10 624 173
11 445 822 693
12 24 137 66 653
13
14 801 642 45
15 56 846 839
16 98 835 44
17 104 186
18
19
20 43 147 53
21
22 832 690 770 358
23 90 213
24 649 85
25 696 758
26 577 506 339
27 253 284 47 623
28 648 162 366
29 10 269 86
30 392 312 739
31 761 178 446
32 112 97 845
33 357 50 99 365
34 40 843
35 123 844 375
36
37 769 19
38 524 87
39 537 139 628
40 651 69 173 30
41
42
43 601 363 111
44 122 51 364
45 8 273 20
46
47
48
49
50 241 164 502 375 12
51 471 77 431
52
53 776 84 61
54 648 198 38
55 522 555 598
56 72 283 590
57 530 46 626
58
59 409 67 447
60 532 341 61
61
62
63 833 42 515
64 681 725 630
65 465 610 613
66 186 523 582
67 617 205
68
69 512 212 670
70 784 245
71
72
73 672 340 294 220 814
74
75 794 660 677
76 114 250 468
77 296 450 478
78 754 470 543
79 406 196 214 486
80 337 569 390
81 116 516 558
82 475 758 63
83 664 764 309
84 284 451 172 155
85 385 620 510 230
86 307 84 638 165 618 621 734
87 347 493 79
88 729 587
89 627 356 644 710 454 598 719
90 432 480 182 215 123
91 73 138 455
92 4 676 566 439 814
93
94
95 369 482 585 27 143
96 641 755 805 825 31 41
97 129 837
98 647 367
99
100 64 368 834 136 91
101 690 70 7
102 96 11
103 174 799
104 836 101
105 43 6
106 17 221
107 34 39 106 14 847 16 346 827
108 826 107
109 35 108
110
111 779 44 54 23
112 33 838
113
114
115
116 633 665 371 171
117 517 743
118 388 437 791
119 570 309 733
120 146 21
121 448 433
122
123 80 166
124 351
125 733 463
126 528 436
127 237
128 89 777 665 234
129 661 671
130
131 560 229 274 717
132 336 301
133 59 373 583
134 121 554 721
135 360 620 127
136
137
138 758 68 126 695
139 81 113 529
140 468 92 244 303
141 100 37
142 192 46
143 641 530 350
144 683 294
145 266 475
146 763 237 223
147 698 69 125 359
148
149 473 252 670
150 449 63
151 240 809 678
152 667 335
153 399 72 343
154 328 476 144
155 154 250 590
156 415 378 631
157
158 401 474 260
159 242 501 311
160 314 500 310
161 498 699
162 0 762 591
163 65 539 750 743
164 210 452
165 341 326
166 145 830
167 739 605 509
168 1 820 806
169 409 564 591
170 634 195 741
171
172 818 759 767
173 636 187 460 397
174 809 395
175 808 565
176 525 71 247
177
178 292 549 270
179 744 757 550
180 118 387 270
181 240 593 706 490
182 520 637
183 145 662
184 74 828 742
185
186 669 518 511
187 267 244 453
188 625 515 710 398
189 609 460
190 679 483 559
191 144 286 239
192 379 405 534
193
194 536 193 394
195 721 719 791
196 48 751 527
197 697 565 518 495
198 371 252
199 816 398
200 481 322 465
201
202 497 302 262
203 384 435 607
204 730 442 821
205 208 219 575 319
206 632 291
207 190 269 238
208 56 802 550
209 816 789 503
210 521 235 702
211
212 823 421 573 423
213 818 578
214
215
216 289 739 783
217 492 548 175
218 806 227 414
219 485 228 245
220 496 592 229
221 322 411 317 670
222 765 494
223
224
225
226
227
228 321 669
229 321 561
230 656 739
231
232 793 282
233
234
235 474 463
236 800 793 490 558
237 506 631
238
239
240
241
242
243
244 804 310
245 2 676 815
246 675 483 175
247 662 255
248 664 554 670
249
250
251 2 13 807
252 488 661 247
253 480 818 683 467
254 489 809 493 671
255 829 62
256 681 820 822
257 552 780 820
258 483 668 659 815
259 681 490 475 658
260 816 792 261 311
261 681 684 383
262 483 52 261 814
263 249 794 243 670
264 315 242 491 479
265
266
267
268
269 241 76 52
270
271
272
273
274
275 556 831
276
277
278
279 257 807
280
281
282 545 290 419 483 676 741 681 493 464 284
283
284 832 469 680
285
286 788 62
287 792 281 499
288 290 309
289
290
291
292 512 254
293 806 71 679 654 495 114 148 52 312 249 314 671
294
295 497 260
296 266 76 492 464 405 662 791 472 665 661 795 479
297 562 5 742 485 552
298 318 489 310 271
299 593 595 662 831
300 217 594 471
301 484 263 265 236 784 656 596 279
302 344 543 664 823
303 344 329 790 655
304
305 306 562 420 56 505 300 557
306
307
308 549 659 533 462
309 680 241 658 550
310
311 809 250
312 665 542 817
313 816 553 242 564
314 562 250 476 678
315 792 832 676 549
316 680 673 292 670
317 248 655 227 399
318 344 481 785 807
319 808 546 738 413
320 472 263 326 71
321
322
323 554 494
324 546 2 330 747 523 272 497 274 796 413
325
326 250 251
327 344 664 495 284 470 666 248 250 668 830 831
328
329 664 592
330 289 290 419 513 741 684 819 468 469 795 414 383
331 516 487 184 267 733
332 272 658 812 486
333 232 704 661 311
334 746 266 46
335 259 518 201 522 554 76 507 319
336 712 700 270 503
337 0 542 190 278
338 577 681 216 297 330 508 751
339 208 693 519
340 184 520 115
341
342 0 217 418 678
343 273 578 213 327 329 475 381
344
345 457 258 411
346 700 250 467 602 762 588 477
347 152 78 502
348 561 418 387 580 376 438 440
349 738 412 374
350 672 241 321 802 759 552 25
351 650 158 422
352 643 132 36 131 694 72 511
353
354
355 465 18 675 185 175
356 744 233 819 281
357 393 58 379 686
358 124 355 163 614 88 123 188
359 282 619 279
360 773 181
361
362 177 370 564 266 507
363 264 386 723 163
364 361 349 685 774
365 722 164 133 506 75 60 381
366 130 227
367 458 198
368 803 134
369 778 586
370
371
372 529 149 782
373 672 282 531 444
374 504 427
375 720 308 118
376 720 524
377 434 179 724 597
378 354 205 158
379
380 145 708 295
381 221 589 581 831
382
383
384
385 752 306 226 507 331 270
386 819 485
387 525 94 279
388 232 753 567 728
389 809 770 530
390 146 230
391 144 157
392 818 243 247 233 333
393 793 787
394
395
396 379 662 727
397
398
399
400
401 249 554 74
402
403 832 819 243
404 673 402 780 805
405 669 830 246
406 256 677 462
407 9 674
408 668 46
409
410 811 268 671
411 798
412 9 542
413 248 71
414 669
415 664 407 216 231
416 748 749
417 665 386
418
419
420 488 659 790
421 408 810 476 287
422 656 488 275
423 416 808 803
424 730 234 507
425 568 497 200
426 409 563 565
427
428
429 736 313 211 497
430 145 299 428 319
431 339 219 303 575
432 387 740
433 424 724
434 149 687
435
436
437 771 821 207
438
439 505 634 484
440 499 683 574
441
442 75 548 557 739
443 420 487
444
445
446 544 784 394 601
447 659 781 806
448 160 742 463
449
450 626 595 429
451 337 529 165 678 711 680 202
452 339 389 264 426 76
453 772 550
454 737 551
455 406 279
456
457
458 416 312 543
459 312 208
460 466 765
461 795 732 783
462 250 71
463 564 806
464 310 562 262
465 513 666 292 317
466
467 488 812 654
468
469 672 813
470 665 2 795
471 561 663
472 463 547 251
473
474 816 13 672
475 658 5
476
477 681 52 313
478 344 829 398
479 490 246
480 673 668 660
481 473 738 274
482
483 472 74 310
484 667 813
485
486
487
488 816 833 565
489 244 485 491 492 667
490
491 488 554
492 656 72 822
493 793 659 790
494 467 245 473 253 654 255
495 832 490 828
496
497 544 496 482
498 496 657 684 804 556 557 814
499
500 464 738 548 661 294 813 46
501 0 832 292
502 291 255 249 491 492 413 671
503 738 244
504 252 678
505 248 514 819 550 247 408 558
506 288 504 530 661
507 780 567
508 707 325
509 169 341
510 315 55
511
512
513 344 199
514
515 256 673 550
516 832 406 94
517 795 413 71
518 482 276
519 832 796
520
521 785 219 405
522 815
523 284 831
524 744 47
525 262
526 272 671 656 216
527 224 497
528 304 334
529
530
531 234 820 276
532 820 158
533 215 667 663
534 481 310 494
535 500 286 551
536 9 299 751
537 745 547 332
538 401 754 317 481
539 656 209
540 203 494
541
542
543
544
545 561 251
546 674 815 255
547 266
548
549 659
550
551 0 666 670
552 5 383
553 818 71
554 813 654
555 482 829 669 655
556 9 809
557 313 789
558 400 544 490 469
559 592
560 274 94
561
562 682
563
564
565 822
566 411 397 445
567
568
569 634 726
570
571 416 221 798 823
572
573 662 275 332 318
574 658 660
575 243 735
576 272 709
577
578 231
579
580 219
581 208 266 805 543
582 146 407
583 608 745
584 792 283
585 208 468
586 56 191
587 57 167
588
589
590
591 592 226 407
592
593
594 600 595 327
595 267 517 47
596 744 665 680
597 306 2 655
598 600 217
599 485 415
600
601 484 493 294 52
602 807
603 226 246
604 288 267
605 471
606 768 520 499 13
607 324 669
608 538 740
609 756 639
610
611
612 800 745 342
613 305 498 209
614 579 461 326
615 691 508 604
616 248 299 731
617 600 577 638
618 500 597 295
619 480 117 391
620 785 611 180 807
621 81 714 395 235
622 377 293
623 82 550
624 252 622
625
626
627 579 701 526
628 322 298 614 615
629
630
631
632 670 277 598
633 409 606
634
635
636 304 593 395 324 571 268 223
637 793 682
638 412 430 671
639 272 382 751
640 3 692 447
641 603 461
642 640 276
643 194 703
644 26 775
645
646
647 793 740 93
648 456 250 612 463
649 384 206
650 713 787 348
651 153 362 84
652 229 372 189
653 204 652 197
654
655
656
657 670 805 669 815
658 656 676
659
660
661 660 564 654
662
663 13
664 660 2 810
665 821 654
666 669 654
667
668 663
669 821 663
670 803 669
671 822
672 811 266 667 564
673
674 811 13
675 547 813
676 662 383
677 817 666
678 666 670 654 655
679 811 804
680 592 656
681 818 780 831
682 830 823
683 3 670
684 562 42
685 628 564 423
686 627 452
687 584 155
688 816 483 540
689 353 290 5 471
690
691
692
693 267 295 679
694 417 170 532
695 536 220
696
697
698
699 441 300 604 580
700 732 515 148 500
701
702
703 322 813
704 414 487 797 746 748 829 467 532 541 254
705
706 296 516
707 768 419 812 813 270 242 786 403 148 470 151 573
708
709 784 595
710 800 514 227 553 589 594 596 788 598 277 412 479
711 471 604 285 62 735
712 808 312 669 590
713 705 578 564 175
714 168 315 699
715 404 342 535 280 298 266 295 747
716 469 450 243 285
717 600 256 482 716
718 491 589 227
719 634 267 494
720 1 635 612 319
721
722 681 222 801
723 728 746
724
725
726 257 114 269
727 417 476
728
729 2 486 655
730 326 151
731
732
733
734 408 818
735 830 225 72 412 556
736
737
738
739
740
741 292 789 313 314 316
742 792 240 811 249
743 793 290 798
744 5 804 253
745
746 667 148 399
747 498 470 806
748 465 467 52 589
749 404 708 572
750 244 661 766 251 334 798
751
752 497 299 333
753 2 818 421 316 541 286
754 176 625 239
755 461 342 728 635 301 559
756 252 471
757 64 297 184 425 396 489
758 466 706 405 183 744 505 715
759 450 635 645 494
760 688 345 338
761
762
763
764 240 807 728 809 552
765 553 786 475 781
766 805 190 519
767 200 286 487
768 258 71 159
769 555 709 207
770 424 199 244 599
771 265 484 286
772 320 540 820 335
773 616 802 323 148
774 704 724 584 713 410 443 696
775 612 629 646 407 218
776 325 150
777 380 156
778 376 49
779 760 224
780
781
782
783 512 683
784 488 279 783
785
786 682
787
788 199
789
790
791 819 62
792 548 789
793 249 549
794 817 819 545 313
795 667 245
796 546 486
797 550 476 406 263
798 404 414
799 794 483
800 282 591 662 471
801 421
802 402 322
803
804
805
806 668 670
807 667 565 814
808
809 823
810
811 592 266 660
812 660 654 823
813 3 661
814 669
815 662 661 806 823
816 666 823
817 665 805
818 1 665 805 814
819 811
820 672 657
821
822 660 821
823 565 822
824
825
826 110 95
827 737 28 102
828
829 592 808
830
831 672 658
832 664 13
833 243 660
834
835 128 842 22
836 32 142 103
837
838
839 5 141 135
840
841
842
843 576 161 120 28 29
844 544 718
845 83 119
846 841 105
847 824 15
