#
# GMT Mon Jun 17 18:14:52 2019
# 
0
1
2
3
4
5
6 651 196 637 127
7 33 347
8 117 685
9
10 88 19
11 124 193 28
12 169 751 622 431
13
14 593 619 365
15 105 44 825
16 256 97 743
17 104 142
18
19
20 485 837 135
21
22 27 737 339 775
23 128 196
24 536 693
25 304 346
26 325 757 254
27 569 673 532 134
28 89 27 4
29 378 557 39
30 369 22 590
31 11 90 843
32 844 101 14
33 202 277 92 765
34 50 100
35 368 694 782
36
37 842 354
38 220 85
39 346 620 391
40 129 434 653 750
41
42
43 465 54 111
44 608 340 223
45 113 20 513
46
47
48
49
50 464 642 681 779 351
51 210 138 787
52
53 51 279 23
54 242 21 430
55 144 238 254
56 272 473 789
57 277 500 461
58
59 195 198 342
60 347 131 439
61
62
63 589 782 159
64 281 284 781
65 64 609 268
66 721 290 118
67 328 602
68
69 673 566 615
70 784 0
71
72
73 512 725 327 311 222
74
75 541 806 271
76 464 5 806
77 408 209 458
78 585 538 299
79 656 792 491 310
80 73 261 782
81 248 808 726
82 450 308 718
83 361 690 495
84 696 818 579 799
85 118 586 371 126
86 18 453 166 407 265 218 123
87 152 746 733
88 549 357
89 689 355 781 634 587 156 333
90 82 435 503 777 335
91 121 449 652 197
92 612 36 728 203 367
93
94
95 119 40 841 606 798
96 261 8 24 234 91 45
97 366 79
98 87 95
99
100 529 835 84 359 143
101 778 30 31
102 140 430
103 32 839
104 625 643
105 153 422
106 16 7
107 37 102 6 106 846 112 17 824
108 107 847
109 98 108
110
111 99 53 358 254
112 73 834
113
114
115
116 56 240 410 541
117 440 548
118 705 724 300
119 291 61 639
120 225 132
121 761 123
122
123 481 118
124 362
125 212 732
126 185 767
127 337
128 86 442 174 167
129 571 572
130
131 616 650 260 222
132 393 374
133 289 666 205
134 83 604 695
135 682 460 613
136
137
138 656 459 452 263
139 396 285 118
140 352 12 360 110
141 504 645
142 34 29
143 481 538 583
144 312 466
145 250 314
146 555 245 479
147 345 26 459 644
148
149 600 331 183
150 56 466
151 227 148 541
152 288 77
153 186 443 445
154 521 530 801
155 296 297 521
156 763 5 831
157
158 472 787 679
159 224 476 822
160 264 227 660
161 805 166
162 217 821 207
163 49 753 619 205
164 422 278
165 2 799
166 570 575
167 754 229 638
168 312 658 223
169 704 730 655
170 48 684 244
171
172 74 831
173 177 467 692 759
174 649 588
175 817
176 322 314 799
177
178 792 42 782
179 699 419 510
180 512 609 376
181 584 647 468 567
182 356 230
183 667 319
184 280 665 413
185
186 243 380 69
187 512 795 764
188 688 713 273 464
189 356 252
190 816 497 263
191 577 683 532
192 273 634 249
193
194 833 613 486
195 754 325 326
196 714 221 734
197 480 573 438 680
198 522 428
199 561 804
200 741 500 317
201
202 728 403 807
203 280 332 398
204 823 294 599
205 232 0 307 637
206 73 462
207 404 796 549
208 472 300 383
209 489 595 677
210 706 788 302
211
212 636 537 556 528
213 435 701
214
215
216 809 2 683
217 496 833 817
218 267 93 47
219 544 497 314
220 474 411 286
221 272 307 676 406
222 265 498
223
224
225
226
227
228 738 676
229 744 501
230 541 55
231
232 436 661
233
234
235 306 493
236 344 513 291 547
237 794 271
238
239
240
241
242
243
244 657 813
245 74 790 383
246 792 2 199
247 681 71
248 655 13 671
249
250
251 592 816 678
252 674 242 311
253 472 474 314 791
254 256 291 243 831
255 804 670
256 680 667 813
257 552 0 62
258 657 42 562 246
259 312 227 260 311
260 810 676 245
261 249 244 805
262 833 785 564 477
263 248 789 251 400
264 256 666 246 663
265
266
267
268
269 475 556 319
270
271
272
273
274
275 277 253
276
277
278
279 468 558
280
281
282 805 493 718 463 656 786 403 821 286 287
283
284 241 740 310
285
286 788 548
287 737 473 678
288 787 740
289
290
291
292 400 554
293 832 833 260 485 263 463 496 660 277 791 249 318
294
295 489 660
296 672 292 681 815 657 402 244 183 280 793 796 798
297 274 562 564 472 491
298 245 546 404 268
299 793 594 271 463
300 236 597 564
301 806 487 815 498 787 313 282 287
302 482 708 236 247
303 3 379 683 294
304
305 244 149 395 246 264 635 47
306
307
308 530 563 659 814
309 680 256 669 399
310
311 0 818
312 809 13 670
313 9 787 676 62
314 400 833 250 669
315 817 42 253 663
316 562 75 815 247
317 512 241 828 656
318 808 667 556 550
319 811 789 406 263
320 817 803 246 199
321
322
323 285 311
324 800 228 551 745 524 657 498 216 665
325
326 817 71
327 225 804 281 398 283 52 246 311 249 475
328
329 786 795
330 256 248 5 520 329 72 561 243 664 475 667 190
331 674 403 148 549 589
332 560 529 594 255
333 72 747 235 183
334 832 409 379
335 785 819 708 231 168 489 718
336 752 568 226 410
337 330 829 237 631
338 800 244 517 422 635 318 303
339 424 523 675
340 444 494 551
341
342 176 207 403 527
343 693 511 505 298 283 604 735
344
345 712 808 555
346 323 580 755 275 179 537 715
347 69 558 559
348 178 371 708 584 234 78 639
349 516 269 445
350 257 390 491 618 539 220 479
351 657 188 774
352 178 347 198 157 506 363 187
353
354
355 562 514 388 459 171
356 448 770 686 766
357 217 691 412 791
358 769 707 164 343 136 137 348
359 80 433 150
360 624 663
361
362 641 756 215 522
363 200 225 731 775
364 321 2 189 399
365 179 773 389 199 59 60 190
366 432 66
367 139 326
368 565 710
369 409 147
370
371
372 657 538 540
373 720 288 446 279
374 57 242
375 218 509 606
376 115 447
377 370 436 269 114
378 63 206 719
379
380 233 708 669
381 697 283 485 397
382
383
384
385 704 176 528 633 284 526
386 252 733
387 625 501 518
388 416 457 701 725
389 552 258 445
390 165 437
391 584 659
392 81 454 439 524 125
393 760 375
394
395
396 780 502 191
397
398
399
400
401 793 654 462
402
403 793 669 814
404 672 793 477 486
405 833 266 9
406 811 830 467
407 474 326
408 497 813
409
410 9 483 542
411 542
412 554 255
413 666 462
414 262
415 297 322 471 407
416 604 573
417 592 725
418
419
420 681 158 559
421 330 267 252 491
422 401 514 523
423 1 786 484
424 545 564 477
425 280 395 703
426 578 166 486
427
428
429 680 659 815 551
430 610 339 636 58
431 208 466 285 231
432 812 525
433 810 397
434 73 646
435
436
437 192 233 429
438
439 193 395 286
440 488 292 797
441
442 593 209 155 753
443 476 445
444
445
446 256 504 168 463
447 242 541 399
448 208 497 428
449
450 819 267 630
451 417 382 387 275 499 589 302
452 512 626 408 442 733
453 426 645
454 617 782
455 820 423
456
457
458 517 742 783
459 386 154
460 0 247
461 682 531 52
462 42 245
463 552 813
464 793 548 654
465 280 329 818 545
466
467 554 821 542
468
469 145 668
470 544 317 319
471 344 812
472 552 42 486
473
474 821 811 309
475 552 241
476
477 3 383
478 664 794 317
479 249 677
480 673 676 199
481 513 402 463
482
483 250 490 789
484 548 556
485
486
487
488 550 682 486
489 659 313 71 665 682
490
491 13 542
492 657 42 564
493 818 242 654
494 496 665 248 553 682 13
495 266 805 679
496
497 556 317 463
498 675 276 788 550 263 473 654
499
500 405 316 809 666 668 94 399
501 683 310 175
502 400 401 499 822 72 810 316
503 76 470
504 469 741 495
505 418 403 268 550 679 746 684
506 520 9 291 404
507 780 494
508 676 549
509 809 229
510 676 485
511
512
513 3 254
514
515 310 813 662
516 248 325 790
517 553 791 663
518 477 383
519 541 797
520
521 672 833 263
522 409
523 816 517
524 804 791
525 745
526 456 738 747 184
527 675 191
528 9 682
529
530
531 729 145 742
532 496 291
533 295 702 151
534 466 514 796
535 680 731 670
536 592 749 46
537 800 573 543
538 184 601 698 727
539 528 447
540 416 258
541
542
543
544
545 402 804
546 793 258 227
547 667
548
549 814
550
551 673 669 830
552 681 831
553 833 241
554 490 828
555 682 668 828 548
556 808 822
557 809 805
558 74 252 478 479
559 403
560 529 405
561
562 561
563
564
565 564
566 730 235 382
567
568
569 443 334
570
571 711 499 605 527
572
573 145 598 462 407
574 747 236
575 72 476
576 296 748
577
578 747
579
580 678
581 456 385 220 240
582 793 466
583 795 828
584 802 508
585 780 582
586 441 764
587 214 511
588
589
590
591 76 414 255
592
593
594 464 529 516
595 828 669 790
596 561 250 743
597 480 794 267
598 512 472
599 282 739
600
601 816 799 62 223
602 259
603 411 463
604 478 239
605 269
606 224 252 309 399
607 297 831
608 829 262
609 560 530
610
611
612 284 413 812
613 227 310 655
614 259 338 611
615 402 414 783
616 313 716 381
617 65 789 535
618 576 372 437
619 265 795 799
620 256 577 420 679
621 632 169 427 68
622 186 350
623 821 117
624 182 519
625
626
627 419 710 526
628 225 714 739 813
629
630
631
632 672 818 739
633 754 231
634
635
636 740 421 820 567 154 94 767
637 242 503
638 184 816 213
639 768 507 384
640 376 810 614
641 723 341
642 640 25
643 561 627
644 621 181
645
646
647 372 596 207
648 741 762 700 213
649 677 222
650 803 116 455
651 130 748 133
652 170 349 70
653 717 629 238
654
655
656
657 816 547 804 5
658 672 592
659
660
661 3 822 823
662
663 821 822
664 810 660
665 654 670
666 1 812
667
668 821
669 1 2 654
670 2 822
671 811
672 810 3 668 662
673
674 266 13
675 659 564
676 669 807
677 812 13
678 671 813 542 807
679 656 790
680 565 383
681 817 674 811
682 565 255
683 2 13
684 832 175
685 194 212 173
686 628 255
687 674 407
688 648 523 80
689 320 353 581 373
690
691
692
693 712 474 463
694 722 539 687
695 377 116
696
697
698
699 220 781 710 295
700 817 258 499 262
701
702
703 810 655
704 744 74 266 749 270 597 502 217 285 829
705
706 819 13
707 257 549 252 821 790 471 278 505 314 603 828 798
708
709 298 543
710 515 708 293 678 200 235 654 750 526 306 474 700
711 736 464 262 552 479
712 546 316 222 423
713 203 708 733 662
714 336 475 597
715 545 3 711 264 265 266 331 754
716 408 161 394 420
717 265 771 797 534
718 679 231 671
719 451 46 527
720 479 236 758 671
721
722 752 305 574
723 257 293
724
725
726 201 674 266
727 146 787
728
729 245 485 815
730 593 657
731
732
733
734 553 415
735 322 531 533 678 408
736
737
738
739
740
741 275 804 278 490 814
742 796 565 486 199
743 553 788 414
744 464 398 543
745
746 0 493 231
747 744 488 470
748 682 515 562 486
749 464 259 405
750 416 818 149 283 413 526
751
752 219 564 419
753 803 534 522 237 302 671
754 441 417 683
755 593 709 678 42 75 235
756 301 607
757 817 258 515 215 425 812
758 160 384 162 675 483 492 588
759 344 772 740 270
760 464 753 489
761
762
763
764 596 677 412 798 591
765 62 816 462 472
766 314 75 269
767 266 501 46
768 808 598 262
769 456 475 508
770 665 589 324 252
771 784 388 175
772 730 204 118 671
773 585 180 763 172
774 240 724 613 486 422 744 271
775 67 163 488 701 495
776 233 505
777 120 392
778 795 647
779 377 211
780
781
782
783 793 740
784 797 259 93
785
786 817
787
788 248
789
790
791 819 828 398
792 548 310
793 665 780
794 482 467 404 175
795 315 477
796 74 486
797 344 803 541 551
798 544 252
799 554 482
800 560 498 589 231
801 600
802 239 799
803
804
805
806 810 821
807 674 564 655
808
809 0
810
811 1 564 669
812 3 660
813 665 812
814 592 1
815 808 0 811 662
816 660 661
817 665 666
818 9 676 813 542
819 789
820 2 814
821
822 2 660 821
823 821 565
824
825
826 35 845
827 41 826 836
828
829 592 564
830
831 0 803 3
832 242 564
833 680 817
834
835 553 10 38
836 727 141 623
837
838
839 804 349 838
840
841
842
843 583 840 122 364 200
844 96 776
845 43 171
846 361 103
847 827 15
