#
# GMT Mon Jun 17 18:14:09 2019
# 
0
1
2
3
4
5
6 328 685 30 647
7 100 85
8 732 118
9
10 131 452
11 186 702 394
12 592 473 349 653
13
14 33 147 111
15 104 121 98
16 290 838 839
17 32 826
18
19
20 400 810 620
21
22 361 82 226 181
23 84 565
24 57 490
25 214 446
26 329 460 565
27 352 641 298 375
28 745 299 164
29 705 586 28
30 345 356 23
31 369 60 623
32 130 102 775
33 50 363 66 54
34 174 95
35 393 124 53
36
37 378 686
38 185 693
39 441 36 167
40 24 353 842 342
41
42
43 129 10 86
44 120 465 87
45 41 843 156
46
47
48
49
50 432 786 135 652 44
51 723 709 327
52
53 89 622 479
54 811 643 21
55 226 262 495
56 560 730 292
57 458 581 167
58
59 689 694 350
60 776 371 436
61
62
63 545 698 797
64 160 811 435
65 800 634 570
66 712 409 190
67 801 614
68
69 472 585 833
70 736 330
71
72
73 754 404 730 413 382
74
75 248 2 675
76 294 665 46
77 522 227 591
78 77 196 341
79 553 698 204 804
80 488 514 491
81 426 539 373
82 648 417 71
83 666 571 516
84 425 122 717 79
85 152 73 293 319
86 658 532 151 428 172 669 495
87 757 550 687
88 789 357
89 627 796 710 343 618 364 429
90 191 644 516 726 591
91 4 821 606 518
92 51 307 133 198 143
93
94
95 756 422 6 91 651
96 695 22 14 841 618 714
97 302 366
98 112 140
99
100 113 39 11 716 29
101 834 778 12
102 40 141
103 824 69
104 45 101
105 137 836
106 827 846
107 97 134 840 106 844 365 847 825
108 96 35
109 107 108
110
111 27 794 779 773
112 92 367
113
114
115
116 72 785 307 297
117 470 399
118 833 612 533
119 210 338 831
120 133 127
121 584 696
122
123 381 678
124 173
125 269 399
126 641 146
127 145
128 384 81 454 38
129 560 68
130
131 259 153 123 774
132 126 599
133 722 637 189
134 456 761 288
135 611 163 416
136
137
138 444 435 372 229
139 281 90 767
140 777 572 807 463
141 273 34
142 835 7
143 649 9 311
144 552 791
145 403 780
146 594 734 215
147 136 194 340 21
148
149 491 564 678
150 552 527
151 282 749 518
152 410 431
153 80 690 832
154 297 218 379
155 424 739 807
156 488 274 183
157
158 320 294 655
159 291 831 491
160 784 468 727
161 315 439
162 166 796 150
163 722 354 388 453
164 608 822
165 246 223
166 330 244
167 593 2 307
168 218 309 231
169 832 602 631
170 721 434 772
171
172 177 645 470
173 448 162 347 196
174 302 70
175 565 655
176 473 667 814
177
178 738 382 719
179 168 481 213
180 425 531 701
181 312 451 348 710
182 401 278
183 782 479
184 553 789 295
185
186 794 430 206
187 432 484 728
188 178 460 116 262
189 216 117
190 320 514 223
191 663 749 535
192 504 570 751
193
194 49 579 782
195 712 762 5
196 202 564 246
197 280 569 418 721
198 541 790
199 661 791
200 184 544 523
201
202 580 244 262
203 408 782 311
204 144 409 207
205 193 2 691 422
206 283 764
207 0 235 237
208 560 570 787
209 259 731 52
210 318 228 294
211
212 530 402 631 303
213 155 223
214
215
216 3 517 543
217 683 412 548
218 817 547 292
219 561 93 830
220 673 729 261
221 808 1 666 520
222 500 654
223
224
225
226
227
228 792 673
229 797 254
230 480 530
231
232 234 463
233
234
235 505 227
236 321 406 781 501
237 515 299
238
239
240
241
242
243
244 664 672
245 803 811 660
246 400 816 675
247 492 791
248 312 554 247
249
250
251 250 13
252 780 805 807
253 473 675 404 549
254 785 250 62 809
255 818 42
256 671 9 383
257 665 492 565
258 257 402 260 821
259 664 482 251 260
260 817 794 806 679
261 681 828 817
262 250 291 405 678
263 489 482 483 788
264 810 658 316 791
265
266
267
268
269 737 419 273
270
271
272
273
274
275 480 667
276
277
278
279 403 484
280
281
282 513 3 414 549 523 494 402 245 158 671
283
284 312 72 656
285
286 552 833
287 728 315 284
288 315 413
289
290
291
292 404 669
293 481 71 472 492 13 814 241 497 664 473 252 670
294
295 718 271
296 0 1 289 292 231 264 74 493 718 785 280 669
297 803 278 745 285 9
298 784 466 733 159
299 1 705 742 255
300 728 546 294
301 545 297 494 591 272 592 794 701
302 743 565 517 247
303 507 532 269 766
304
305 469 822 727 505 506 702 751
306
307
308 704 570 563 168
309 680 592 811 241
310
311 831 791
312 5 661 679
313 487 820 789 679
314 482 402 291 667
315 473 3 830 655
316 811 549 494 551
317 792 682 75 476
318 680 412 311 551
319 256 666 740 247
320 808 514 675 797
321
322
323 241 501
324 224 736 5 331 780 46 462 52 501 763
325
326 258 668
327 484 486 678 72 542 812 684 785 658 246 314 318
328
329 479 295
330 674 740 555 13 495 145 404 792 793 253 413 831
331 496 498 738 600 268
332 785 474 739 415
333 736 549 718
334 600 252 158
335 707 746 559 466 500 598 602 701
336 634 557 605 534
337 210 428 525 94
338 400 578 323 572 457 748 798
339 400 561 394
340 633 236 449
341
342 506 604 245 223
343 545 531 340 615 537 682 767
344
345 696 398 78
346 209 148 772 423 616 620 221
347 520 812 613
348 512 617 371 708 629 585 751
349 94 324 198
350 18 596 374 377 650 255
351 240 658 298
352 26 42 759 264 762 63 559
353
354
355 64 384 48 370 438
356 665 388 524 390
357 471 268 796 359
358 624 67 819 340 392 619 351
359 745 582 78
360 642 275
361
362 449 188 52 588 573
363 713 362 689 455
364 304 538 187 326
365 128 721 628 26 300 317 60
366 353 355
367 436 132
368 771 139
369 72 708
370
371
372 296 529 453
373 577 818 603 225
374 576 233
375 538 741 55
376 209 236
377 376 420 484 447
378 264 802 149
379
380 657 788 229
381 217 306 780 559
382
383
384
385 467 531 303 220 750 703
386 572 421
387 169 313 655
388 248 498 700 405
389 329 714 655
390 802 755
391 765 509
392 464 609 720 599 301
393 672 276
394
395
396 753 306 511
397
398
399
400
401 808 74 399
402
403 555 814 815
404 312 266 243 815
405 785 467 462
406 0 541 13
407 468 148
408 498 798
409
410 562 469 62
411 496
412 250 259
413 656 71
414 499
415 482 516 398 743
416 557 815
417 299 563
418
419
420 683 277 294
421 410 242 823 503
422 491 597 478
423 816 316 573
424 315 285 287
425 458 459 306
426 249 387 747
427
428
429 418 794 325 302
430 536 556 669
431 216 341 478 55
432 0 821
433 152 717
434 201 715
435
436
437 224 554 212
438
439 816 721 743
440 176 492 575
441
442 280 232 76 767
443 705 802
444
445
446 192 297 209 814
447 256 665 782
448 520 605 607
449
450 237 58 397
451 768 211 532 564 630 490 396
452 701 313 507 77 207
453 440 515
454 346 660
455 170 500
456
457
458 183 749 383
459 496 419
460 528 472
461 480 486 518
462 249 673
463 816 550
464 240 3 399
465 407 475 662 463
466
467 672 661 247
468
469 257 258
470 240 281 469
471 803 317
472 248 1 810
473
474 681 819 828
475 493 814
476
477 472 309 677
478 833 541 486
479 243 820
480 561 251 52
481 664 243 678
482
483 683 5 71
484 552 491
485
486
487
488 0 310
489 785 806 822 680 671
490
491 805 670
492 816 199 487
493 818 554 823
494 480 541 564 199 667 813
495 795 492 52
496
497 62 405 550
498 401 259 251 492 317 814 831
499
500 402 806 406 792 310 780
501 554 255 679
502 321 658 740 501 681 493 830
503 681 815
504 256 491 486
505 545 487 676 517 263 266 94
506 216 245 400 285
507 265 738
508 312 331
509 241 795
510 579 542
511
512
513 5 486
514
515 481 74 315
516 514 780 244
517 473 794 325
518 268 270
519 233 676
520
521 482 236 822
522 414
523 672 469
524 472 462
525 231
526 488 803 261 783
527 224 821
528 788 828
529
530
531 436 485 238
532 467 199
533 546 555 290
534 276 597 310
535 496 261 263
536 672 792 506
537 464 228 742
538 251 708 461 655
539 168 229
540 681 407
541
542
543
544
545 553 831
546 42 684 662
547 665
548
549 250
550
551 676 564 815
552 9 821
553 805 311
554 668 5
555 544 805 830 175
556 541 831
557 684 543
558 242 227 260 246
559 501
560 228 470
561
562 5
563
564
565 13
566 244 166 230
567
568
569 729 307
570
571 317 737 419 309
572
573 800 324 501 519
574 224 558
575 704 310
576 306 386
577
578 407
579
580 258
581 545 314 230 801
582 553 510
583 763 420
584 289 639
585 217 574
586 528 450
587 449 395
588
589
590
591 114 262 71
592
593
594 412 158 295
595 498 589 671
596 317 485 679
597 800 785 199
598 74 781
599 493 399
600
601 321 279 325 47
602 235
603 474 788
604 298 266
605 330
606 496 289 530 253
607 425 333
608 504 485
609 588 590
610
611
612 251 62 807
613 215 575 295
614 449 570 638
615 672 492 583
616 208 442 380
617 482 157 758
618 722 638 510
619 474 293 327
620 196 451 692 540
621 314 715 372 567
622 25 391
623 225 647
624 337 222
625
626
627 165 262 727
628 632 169 746 314
629
630
631
632 344 802 254
633 144 239
634
635
636 769 470 551 280 267 94 335
637 545 203
638 305 635 303
639 154 483 389
640 744 386 308
641 625 222
642 753 699
643 725 519
644 433 636
645
646
647 179 195 807
648 724 93 287
649 508 47
650 445 621 119
651 83 61 806
652 706 99 182
653 88 42 437
654
655
656
657 668 661 815
658 0 809
659
660
661 2 822 823
662
663 660 821
664 803 811 662
665 1 812
666 266
667
668 809
669 660 565 822
670 810 811
671 662
672 662 654 13 670
673
674 661 815
675 9 663
676 1 671
677 817 654
678 0 592 654 662
679 0 664
680 668 821
681 665 666 829
682 823
683 2 564
684 5 487
685 65 329 171
686 370 587
687 616 762
688 177 645 247
689 449 180 197 49
690
691
692
693 481 674 425
694 56 65 204
695 304 219
696
697
698
699 416 274 575 671
700 793 499 316 462
701
702
703 258 799
704 706 200 9 780 781 494 497 817 148 222
705
706 148 292
707 512 674 742 383 265 813 595 52 502 411 476 735
708
709 802 419
710 768 485 293 554 462 526 496 561 533 283 542 671
711 217 264 809 718 680
712 752 505 308 599
713 752 458 812 711
714 328 410 679
715 513 322 232 745 427 523 75 222
716 490 630 334 542
717 242 411 734 463
718 480 545 283
719 290 323 316
720 385 162 705 610
721
722 184 488 743
723 227 511
724
725
726 244 598 207
727 786 550
728
729 680 494 791
730 466 732
731
732
733
734 656 282
735 512 419 484 310 668
736
737
738
739
740
741 274 403 821 309 494
742 832 482 499 263
743 72 406 286
744 514 549 407
745
746 592 676 807
747 266 484 247
748 487 532 829 671
749 801 516 244
750 739 502 471 490 492 477
751
752 590 222 558
753 272 466 499 328 697 572
754 768 257 732
755 280 257 274 817 806 424
756 331 261
757 336 114 323 437 9 442
758 2 771 646 583 521 202 537
759 626 205 742 439
760 552 682 790
761
762
763
764 464 273 240 199 76
765 273 531 764 557
766 235 678 270
767 784 785 199
768 489 563 525
769 316 469 311
770 536 596 564 200
771 739 332 183
772 568 637 115 13
773 720 659 52 566
774 640 541 601 522 125 542 47
775 161 435 342 326 443
776 19 551
777 59 77
778 688 708
779 360 530
780
781
782
783 311 823
784 659 462 279
785
786 42
787
788 676
789
790
791 42 660 805
792 813 670
793 680 812
794 472 401 490 808
795 822 806
796 475 71
797 656 682 469 462
798 660 310
799 498 245
800 673 331 819 383
801 321
802 553 562
803
804
805
806 668 813
807 808 266
808
809 811
810
811 1 13
812 662 565 669
813 3 663
814 665 813
815 663 266 3 655
816 665 663
817 816 659
818 817 398 812 822
819 822
820 665 829
821
822 2 660 821
823 3 13
824
825
826 8 105
827 138 203 15
828
829 673 828
830
831 828 822 383
832 1 810
833 52 551
834
835 760 276 358
836 31 110 103
837
838
839 770 339 782
840
841
842
843 368 837 43 188 207
844 20 37
845 88 335
846 845 142
847 16 17
