#
# GMT Mon Jun 17 18:26:11 2019
# 
0
1
2
3
4
5
6 34 99 380 4030
7 4034 6
8 1408 61
9
10 3963 19
11 626 4043 4051
12 89 2774 4014 4103
13
14 83 28 3973
15 4012 4054 4055
16 3952 4005 887
17 672 91
18
19
20 121 3972 29
21
22 2398 105 58 3390
23 1121 1139
24 2631 1895
25 482 3381
26 1163 493 3590
27 2988 3979 972 638
28 137 667 676
29 4065 268 3983
30 2185 3033 670
31 3704 4017 882
32 3960 2322 39
33 43 85 1038 3975
34 3955 844
35 720 818 4015
36
37 576 718
38 459 3853
39 257 1092 806
40 1064 890 3907 23
41
42
43 248 4025 369
44 176 73 127
45 1052 4061 31
46
47
48
49
50 64 471 3869 30 3967
51 1617 873 278
52
53 464 3424 4068
54 72 2369 4059
55 2150 3236 3614
56 2979 732 1262
57 888 1085 854
58
59 418 116 1207
60 2386 147 4
61 664 59
62
63 536 649 248
64 658 149
65 852 3287 587 2269 975
66
67 371 1941 414
68 3569 3675 1925
69 4008 3988 4006 448
70 169 834 1051
71 3690 4099 3135
72 4088 3120 886 984
73 2240 1055 422 455
74 128 899 3637 631 1448 2809 2823
75 49 3989 2710
76 722 698
77 1108 151 908 906 108 2253 76
78 4018 36 152 457 219
79 4001 210 2577 727
80 544 531 70 3961 1964
81
82
83 1334 106 971 220 63
84 80 98 484 121 475 109
85 171 2326
86 721 134
87
88 3968 4097 903 4013 79
89 712 724 910
90 51 3981
91 4048 3951
92 4035 4036
93 2392 4033
94 4032 153
95 35 131 7 12 16 17 4056 94
96 15 95
97 96 4058
98
99 4096 4091 612 4024
100 994 3223
101
102
103
104 286 4101 870 2151
105 1326 263
106 2931 250 75
107 4082 461 303
108 1577 1674
109 465 563
110
111 801 492
112 60
113 3873 1794 203 1569
114 1417 3575
115 330 694 1007
116 306 746 412
117 816 341
118 902 295
119 699
120 979 4093 1902 3757
121 114 700
122
123 136 889 466 299
124 3593 103
125 467 3365 2639
126 328 172 124
127 761 309 558
128
129
130 1354 651 44 3887
131 68 4021 310
132 4089 826 3971 37
133 472 107
134 4026 300
135
136 656 600 352 813
137 326 462
138
139
140 1682 3475
141
142
143 768 3993 315 3958
144 3564 3985 3801 3496 233 652 557
145
146 3874 3750
147 194 3335 927
148 144 709 3957 1670
149 1008 212
150 865 2404 3749
151 25 460
152 810 3966
153 811 404
154
155
156
157 253 837 222 3151
158 3856 2168
159 3441 1340 822
160 490 780 3991
161 973 3550
162
163
164 1459 181 2621 3175
165
166
167 367
168
169 505 1579 2831 1407
170 2478 1807
171 2953 515 605
172 4050 602 1247
173 2382 82 1190 1367
174 1152 483
175 481 604 2150
176 1000 2459 1911
177
178
179
180 3536 2459 2236 1206
181
182 2192 2394 1933 3280
183
184
185
186 3640 2610 2611 3143
187 976 1472 914 765 1901
188 2425 2761 1125 2692 2521 3210 1131 1660 1215
189 3664 188 3076 3846
190
191 2796 3598 2967
192
193 772 2085 1095 1288 3225
194
195 705 1156 2596 1030 1287 3855 3286 2806 2488 3611 311 382
196 740 199 775 394 1676 2096 433 3798 3513 1114
197
198 2881 372 3359
199
200
201 3911 1305 2604 782 2527
202 1415 2785 1605 1766 214 1848 245 3947 1774
203 609 3124
204 3752 1881
205 185 3943
206
207 577 867 2516 1238
208 1683 3251
209 4073 403 2806
210 2642 1475 1679
211 2889 3453
212
213 353 2859 620 863
214 1880 2421
215 2024 3777 2174
216 1032 1107 4077
217 225 1212
218 1199 2623 789 1257 444 653 2703
219 201 3834 1333
220
221
222 488 202 2573 2310
223 506 1245
224 1180 3781 3863
225 682 2979 189
226 1192 3791
227 930 410 685 711
228 946 781 2359
229
230 2024 2573 2575
231 3150 2591
232 928 2430
233 338 2530 3886
234
235 1075 1079 3417 2507 1342
236 234 756
237 2080 2789 3717
238 2987 3694
239
240 1010 3547 1557
241 529 351
242 312 482 2052
243 1141 4085
244 2441 427 715 141
245
246 3641 767
247 2890 3620 733 2823
248 1418 413
249 796 613 3046
250 3570 2347 1221
251
252 3281 1465
253 2163 4075
254
255 67 356
256 3460 1479
257 552 993 554 1733
258 2912 4052
259 355 517 3480 952 826 4063
260 3097 716 638
261 2201 852 3213
262 4066 150
263
264 3844 525 742
265
266 2171 934
267 1606 367
268 560 3881 1689
269 697 123 69 661
270 2577 739 212
271 240 641
272 179 1006 999
273 1293 1717
274 586 3964 318
275 592 3788 3478
276 1786 1108 1255
277 832 2613 327
278
279 1096 577 581
280 2600 1641 2886
281 616 2713 2414
282 3779 1055
283 959 3986 319
284 48 292 3613 1958
285 452 725
286 342 191
287 3448 3139
288 336 340 3774
289 3552 2579 1381
290 3817 2378 2141
291 2466 3437 207
292
293 976 684 1997
294 4049 145 3843 735
295 3512 294
296 1508 710
297 2063 429 2559
298
299 350 619 3990
300 1243 271 415
301 3613 213 222
302 528 858 3011 790
303 4070 4047
304 868 1909
305 2033 745 3383
306
307 680 644 2213
308 280 617 982
309 3562 1530 701 383
310 2251 276
311 1072 1154 1286
312 1304 1173 3862
313 81 763 2793
314
315 1409 2546 1148
316 2456 2497 2444
317 1161 1474 2325
318 3754 3756 2934 447
319 532 366
320 3539 3350
321 2032 2124 1045
322
323 2496 1388 3008
324 2527 2475 2479
325 498 3925 686
326 329 3746 876 2349
327 385 47
328 2696 3617 739
329 1400 3889 1643
330 1337 3821 1438
331 1033 1387 2373
332
333 1017 875 1033 391
334 514 1340
335
336 2164 1925 950
337 1552 1049 436
338 632 3564 3159
339 3770 3545 3786
340 3379 1219 3839
341 2464 347 500 2407
342 1048 2109
343
344
345
346
347
348 3578 3156
349 1970 2287
350 3818 2228
351
352 3469 1310
353
354
355 576 2303
356 3761 2076 2757 1358
357 3384 1701
358
359
360
361 771 1375
362 2266 2302 383
363 1120 1624 3292
364 1458 3252
365 3481 396 2564
366
367
368 2904 3433 2221
369 2333 773 565
370 3325 2627 2397 1150
371 2704 296 3068 3326
372 1710 3351
373 2560 3833 3265
374 1449 2995 2013
375 2290 2588 1886 3647
376 945 1130 2187 2244
377 3160 1405 1140 925
378 2992 1748 2084
379 3706 3733 1229 774
380 736 562 3811 709
381 1377 564 2033 1060
382
383
384
385
386 1705 2482 3573
387
388
389
390
391 2071 1791
392
393 320 3372
394 768 1025 3395 1061 3312 2487 1337 2684 2814 575
395
396 3384 3848 2575
397
398 1634 1638
399 2560 2432 3599
400 1435 3541
401
402 432 2933
403 1187 388 516 1464 2051 1412 1002 778 1708 504 1213 2303
404
405 3710 783
406 1316 2437 518 519 2472 1769 2377 3314 3924 1269 1975 1821
407 590 3815 585 1116 2254
408 2800 1018 1182 623
409 2993 627 373 1631
410 2936 1290 1978
411 513 1297 979 1506 1223 2088 3353 750
412 707 747 1453 495
413 1076 3860 3565 966
414
415 3856 1666 3652 1653 3431 574 591
416
417
418 2320 1250 2547 559
419 1280 1377 917 2768
420
421 3948 367
422 3153 1745 230
423 2546 3779 893 2839
424 514 1823 3902 3503
425 1929 3723 3772 3709
426 2522 386 1555 2253
427 2841 2157 885 2383
428 2358 1121 2182 2567
429 3825 1986 3017 766
430 1936 932 2996 2540
431
432
433 1466 1087
434 583 1383 3723 3660 2830 2191 944 1467 599 1211
435
436 3546 2939
437 416 1379 516 776 1547 1453 3891 2868 1878 3479 3003 1311
438
439 2224 2445
440 3812 2565 392 1576 362 2807 1679 3347 2131 1014 2263 1499
441 948 405 1003 571 3470
442 1680 740 629 758
443 1697 1939 1324 3660
444 2709 3438 951
445 496 784 866 195 801 2380 494 207
446 2210 2597 861 181
447 1208 4082 708 606
448 1169 2689 2801 3636 217 954 2923
449 1522 987 229
450 537 2162 468
451 393 541 1236 333
452 673 738 1249 2419 920 3453 1278
453 553 974 2103
454 995 244 411 4086 2837 2091 2492
455 282 3330 4069
456 3327 520 841 666 3883 798 216
457 256 691 1860
458 992 769 241 408 969 1709 857
459 2785 242 463
460 352 1425 3491 117 3494 262 904
461
462 849 3734 827 3870 799
463 792 313 986 962
464 4090 2004 21 3959
465 1088 226 660 278 4071 941 3982
466 657 178 271
467 932 668
468
469
470 830 417 1009 18 990
471 46 402 3195 862
472 3992 1137 56 845
473 1094 2982 838 1111 4010 3451 3148
474 4002 478
475 1070 719
476 442 3764
477 4098 650
478 425 1234 879
479 305 2503
480 1098 3942
481 1928 1804 3093
482 377 3962 1118 1054
483
484 1091 1740 3895
485 1487 2227 2831
486 1050 1124 3398
487
488 1179 2211
489 2472 3734 2526
490 3561 1157
491 3089 469 2335
492
493 1232 2681 1287
494 1446 919
495
496 3712 1897 1102
497 2727 1001 2503
498 1035 3230
499 1168 4041 3486
500 1 1739 3798
501
502 1767 349 2751
503 434 1413
504
505 619 1100 2357
506 2563 1780 2296 2730 2479
507
508 1699 1155
509
510 2660 1823
511 1583 2939 3685 1503
512 1115 3484 1191
513 2986 3921 2594
514 2098 1939 3439
515 3368 3043 935
516 1291 1093 1822 2175
517 2856 1730 3802
518 2502 1702 2792 2252 3710 3199
519 2872 1706 1731
520
521 1354 1227 1318
522 1104 2130 1332 2068 2923 2956 2989
523 2081 3837 3335 1929 425 2364 1069
524 2443 173 3758
525 2912 2099 357 568 267 1644 335
526 2408 1835
527 320 3512 279
528 1063 2697 1309 747 1039 621 2811
529 3554 3347 828 2556
530 3697 1295
531 363 1979
532 317 2079
533 2665 683
534
535
536
537 291 1252 254
538 648 3457 1512
539 2969 842 487
540
541 1028 430 3156
542 3656 1239
543 3048 618
544 162 406
545 1728 1074 1948
546 2029 1422 407
547 1734 957 1390
548 409 3498 1058
549 3042 547 1086 1183
550 3880 713
551
552 779 275 3291
553
554 1361 1090 1621 2894
555 1902 3892 2917 1303 1501 142 255
556 182 894
557 633 527
558 139 847
559
560
561
562
563 1401 1827 2885 2767
564 2448 801 428 1197
565 2281 3250 2020 2837
566 3731 2637 2879
567 2436 1437 3566
568 42 3476 3942 3226
569
570
571 3506 1791
572 3744 2338 1571 2020 4039 1353 3537 3924 3190
573
574 3763 2555
575 2400 1533 3109 2123 2479 2003 3507 1942 1278 1499 1789 1182
576
577 1432 3310
578 2177 1379 3396 3622 1864 3852 1870 2799 1359 2036 3509 1050
579 1233 1955 3349 3464 2601
580 2896 2329 3661 2159
581 1481 2707 1564 1955
582 1498 1270 3663
583 2691 2618 2357 1145 426 2140 3402 1453
584 1676 1812 1716 2293
585 608 2624 3902 2047
586 1393 3435
587 3707 3324
588
589
590 1528 2825 3172
591
592 2806 1650 1950
593
594 3201 4039 3687
595 376 2598 1230
596 634 1204 311
597 1865 1603 3932 750
598 1551 3599
599
600 2920 3216 2510
601 200 1134 438 3335
602 2667 622
603
604 3001 804 2973
605 3473 1794 2460 1446
606 1637 3677
607
608 2280 3761 1539 709
609 3319 2612 503
610 1005 1395 3909 2232 3625 3533
611 2560 3819 741
612 579 2319 755 598 1020 751
613 2145 3579 628
614 337 3107 1398 246 1879 4079
615 1049 445
616 704 3354
617 3808 582
618
619
620 3089 963 1957 431
621
622
623 2097 2791 387 943
624
625 3538 3659 1491
626 2077 2054 3455
627 3287 1043 190 1015
628 1368 2822
629
630 3344 3635 1271
631 3172 1170 1172 439
632 3440 3103
633 584 2971 2558
634
635 3008 1266 2611 630 2087 1851 607
636
637 2657 1797 2590 2327 2745 3323 1294
638 1601 1070
639 625 3846
640 2309 1253
641 272 2465
642 1849 2396
643 856 1091
644
645 2169 2866 3140
646 864 1011 877 3623
647 458 4094
648 1498 2291 2236
649 2074 1027
650 1218 1532 3845 646
651 288 161 3612
652
653 1680 743 223
654 1115 251 4076 2518
655
656 4080 659 1529 298 3771 3434
657 3452 2845
658 1265 204 2009
659 636 523 791 135
660 521 556 749
661 1113 1401
662 241 3284
663 2373 3560 4009 953 316
664 104 110
665
666 612 1853
667
668 1687 1670 3519
669
670 2325 286
671
672 3696 3995
673 3352 551
674 450 812
675 723 2492 839
676 4064 4100 669
677
678
679
680 2331 1143
681 706 2307 1220
682
683 435 2094
684 956 639
685 1299
686
687
688 1493 1054
689 968 3522 2882
690 3505 1187
691 170 538
692 1682 924 221 2191
693 3032 2884
694 945 235 3820 2789
695 883
696 2913 209
697 2554 1068
698 3954 2455
699 3497 1117
700
701
702 897 3876 916
703 973 3217 1844 989
704
705
706
707 2953 3581 3327
708 754 3668
709
710
711 593 981 2293 3478 1241 1341 3625
712 1920 2987
713 1641 332 998
714 985 1820 1983
715 977 1322 4083
716 938 3859
717 1013 4062
718 3969 3308
719 675 655
720
721
722 2513 3109 2669
723 3257 1402 4046 615
724 1153 703
725 140 3978 884
726 2921 1859 27
727 1650 2166 119
728 545 4011 4020
729
730
731 3162 3763
732
733 3168 1130 2046 3479
734 1557 1109 2287
735
736
737 1284 2823
738 3648 1249 2562
739
740
741 1721 3420 1545
742 2180 3700 2877 677
743
744
745
746 1058 2980 949
747
748 2160 2977 2706 1493 358 3674
749
750
751 1089 2833 2609 2308 2534 2136 1165
752 2113 2181 2566 3053 2158 687 1071 3861 2359 3096 2617
753 2544 2925
754
755 1073 420
756
757
758 3465 1948 1556 2817
759 1217 1106
760 3702 1231
761 2145 929 3793 566
762
763 3009 1469 2049 351
764 2675 2225 3426 3001
765 1787 3893 2215
766 2915 1397
767 2041 1037
768 2874
769 2729 2012
770
771 2188
772
773 1609 1874
774 2849 2914 996 1310
775 3613 1863
776 2929 1117 1893 1931 2701 3005 1439
777 1478 3806 3447
778 2346 3563 1429 2150
779 2101 3773
780 3044 2614
781 3506 1362
782 3035
783 2457 3459 3087 1175
784 3106 1019 580
785 3824 2874 2590
786 1449 1045 2999
787 1034 939
788 192 3836 3925 2008
789 3529 2411
790 521 1138
791 961 1275 1004
792
793 1690 2669
794 1200 3107 773 2517 1238 3548 3676
795 3624 380 524
796 914 734
797
798 2640 2958
799
800 1565
801
802 3080 3514 2011 2252
803 1594 2476
804 3680 3454
805
806 913 555 940
807
808 3265 771
809 154 1871
810 456 808 470
811 752 427 901 2966
812 3737 546 2155
813
814 2592 3612 501
815 187 3389 807
816
817 836 1158 287
818 497 2605 2105
819 540 1532
820
821
822
823 2600 762 156 2876
824 1774 1235 1198 1695
825
826
827 2352 2050
828 2114 3556 197 2217 365 3184 753 2324 55 378
829
830 1961 1715
831 896 960 1668 1414 775 2635 690 597 3382 2808 3229 3679
832
833 3065 3340
834 193 3683 1573 1001 1098 1803 3823 561 2677 3927 3066 3867
835 304 748 1385 3804 3085
836 576 1321 764 1022
837 688 3186 1251 573
838 2761 3882 3898
839 688 912 859 451 1365 392 745 1243
840 360 692 3884 821
841 1112 825 891 2078
842
843 793 2017 831
844 297 964 671
845 2715 196 3158
846 4074 1586 863 543
847
848
849 314 2429 206
850 489 3618 939
851 3753 813 549
852 851 1838
853
854 2138 155 2711
855
856 304 3409 3879
857
858 322 3395 3058
859 252 1573
860
861 1195 4084 3910
862 480 1874
863
864 1133 3135
865 401 1268 3580 1071 2959
866
867
868
869
870 2080 2626 2821 3929 381
871 3571 1149 1351 1151
872 1128 921 1380
873 2312 1338 1389
874 978 171 3154
875 785 863 1959
876 624 1285 2534 1063
877 596 677 287
878 4081 2930 3866 684 205 2989
879 2505 435 1222
880 928 874 980
881 177 2964 1077 1756 509 238 1519
882 1144 449 2317
883 3224 3157 3293
884 289 2978 2964 1685 1302 3865 1021
885
886 1328 3776
887 610 900 3478 183 281 3999
888 1000 370 1899
889 3905 2942 3877 3784 399 2318 2760
890 640 2345 243 823
891 143 2262 1839
892 258 308 290
893
894
895 3571 2796 3029 967 3788
896 1067 2698 443 759
897 3035 2214 3878
898 2561 324 1470
899 323 539 52 1246
900 737 3445 159
901 1296 3305 2524 878
902 2506 2921 674 196
903 1456 819 228 824 1112 3627 3997
904 321 3875 1301 955 3404
905 334 654
906 453 4007
907 3944 162
908 3970 111
909 3386 3044 3567
910 1641 1850
911 3515 2103
912 3416 2260 1143
913 3920 2122 1578 1655
914 1128 1065 1171
915
916 3810 3695
917 3338 1691 2501
918 3034 2487
919 2936 3082 2597
920
921 514 2955 1430
922 2850 1263
923
924 2289 2946 1730
925 354 2101 1775
926 2553 2311
927 1513 3251 1715
928 3179 1342 1335
929
930 1908 2485 2790
931 1080 3792
932 1752 3896 3028
933 2819 2931 2247 1980 2108
934 3530 2291
935 3730 3587 2774
936 2810 2820 1119
937 2017 3524 1866 2124 1950 1871
938 3480 3581 509
939 3778 3602 3423
940 2209 2098 3201 3672 1690 923 3645
941 2411 3621 933 936 3640 1883 3647
942
943 1164 1884 1039
944 3266 2997 2134 3782 3789 3118 911
945 2340 1911
946 2647 1102 1822
947 3896 1892 3796 3816 2202 2795 3176
948 2984 2632 730 731
949 2497 3777
950 1272 2301
951 3858 2426
952 1027 2539
953
954
955 714 1164 535
956
957
958
959 601 3651 3857
960
961 776 3153 4042
962 1968 3236 820 1078
963 1834 2100 3022
964 3120 361 3908
965 1080 2019
966 1492 1110
967
968 1056 1196 2884
969 479
970 1683 3631
971 2161 485
972 2484
973 1793 3644 1734 423
974 2666 1012
975 1232 637
976
977
978 1273 1378 2124
979 512 3635 2245 3094
980 488 3514 1244
981 833 266 1103
982 1994 2253 2798
983 2616 2873 2994
984 1240 3557 550
985
986
987 3742 3795 1037 270
988 1176 3592 2419 679
989 3632 491 141 502
990 589 1839
991 236 853
992 508 157
993
994
995 3560 437 1205
996
997 3137 2818 1323
998 1320 3906 2512
999
1000 1313 787 1356 1574
1001 2947 3502
1002
1003
1004 3410 1411 1044 2798
1005 3672 3576 1174
1006 1920 1827 3070
1007
1008 2409 603 1023
1009 1105 2824 425 2156 2141 3550 3164
1010 1665 1161 3345 3509 1289
1011 937 2541
1012 595 2523
1013 3097 2525
1014
1015
1016
1017 1312 2360 3768
1018 3531 1588 3726
1019 2234 3100
1020
1021
1022 1306 2133 366 1519
1023 2048 3822 3590
1024 3224 354 3535
1025 3432 3128 1475
1026 2371 3715 3079
1027
1028 3794 2003 2788 1349 1736
1029 3904 2976 1849 167 1785 1758
1030 1843 3092
1031 2683 3900 3342
1032 1539 3943 1129 1739 1644 1933 2387 1365 1178 2843 1340 2878
1033 2179 2152 2568 3465 179 2330 3707 3263
1034 3353 1138 3635
1035 1681 1443 1267 1958 2075
1036 3812 165 3013 1831 1388 3696 1843 3542 3647
1037 3698 2827
1038 2137 1905
1039 1539 1035
1040
1041 1908 2499 2964
1042 1336 3843 1772
1043 2684 1455
1044
1045 2498 1277 1199
1046 168 2058 3720
1047 1258 710
1048 3168 1766 1047 2264 1146 2842 3775
1049 3456 3457 3629
1050
1051 3340 3797 1519
1052 346 1836 3469
1053 1098 1483
1054 2555 3669 1181 1439
1055 2138 2787 3463
1056 2529 1162 2190
1057 2535 869 3830 2551
1058
1059
1060 3715 804 2467 2551 2168 2329 2537
1061 1374 1079
1062
1063 3733 3671
1064
1065 1719 348 2821 231
1066
1067 3827 2725 2027
1068 2720 1604 1805 2194 1910 2134 2072 1274
1069 3006 3926
1070
1071 1016 1210
1072 2479 1531 2167
1073 3009 419 2189
1074
1075 2859 2084
1076 2490 3043 1435
1077 1264 345 3722
1078 2904 345 2199
1079 2864 1418 3658 359
1080 1308 1181 1503
1081 1840 3780 1020
1082
1083
1084 1760 1410 3603 389 3657 3693 1774
1085 2976 3297 1542 2902 2186 2443 3708 1399
1086 2883 1214
1087
1088 1819 1164 1158
1089 1258 3027 2743
1090
1091 1697 3780 2980 360 3564
1092 1473 1029 3686 9 1264 2898 2903 1626
1093 1633 1894 1992 2154 1804 13 1209 1471
1094 1934 2823
1095
1096 3930 3355 2406
1097 2067 3510 510
1098
1099 3057 3604 1480 3066 2701 3502 3519
1100 3450 1419
1101
1102 2313 1779 2046
1103 2528 3748 3897 3451 2782
1104 2704 1761 2285
1105 3144 2131 3892
1106 3011 1022 510
1107 1688 2509
1108 1699 1926 2361 2268 2846 1775
1109 501 3741 2574
1110 777 3442
1111 2212 3093
1112
1113
1114 2236 3671 1327
1115 1411 1180
1116 3588 2783
1117
1118 3730 3924 2274
1119
1120 2510 511
1121 1058 1427
1122 2672 2938 1752
1123 512 2765 3084 2005
1124
1125
1126
1127 3800 3737 1260 368
1128 2739 2055
1129 3626 3619 1771
1130 1843 2468 2597 3375
1131
1132
1133 3329 1132
1134 1543 2315 3083 1868 2670 3760 1648 1265 2104 3324
1135
1136 1553 3157
1137 3461 3370 2954 1838 2254 2321 1938 2418 1813 3799 2910 3447
1138
1139 2531 3455
1140 2178 3748 3844 3462 2526 3083 2963 1588 2070 2715 3613 2078
1141 1664 3056 1795 3500 2877
1142 3458 1203 1486 1391
1143 2840 1412 2518 1718
1144 2777 1181 3006
1145 1376 2723 1669 1990 1671 1944 1366 3166
1146 3601 3787 2341 1254
1147 2433 2548 1821 2102
1148 3592 570 2467
1149 1392 1209 1989 2727
1150 3234 772 2229
1151 1276 1087
1152
1153
1154 3920 2506 1926 3102
1155
1156
1157 3348 3205
1158 391 3335 2535 3561 2763 1455 1395 1976 3098 2045
1159
1160 2696 3028
1161 2689 2595 2244 2308 3782 3752 2281 1576 1360 2514 1556 2334
1162
1163 3419 3519
1164 1984 3524 2598 3846 2222 3633 2964 3639 1338 2139 2844 2461
1165 1393 3666 2228 3659 2477
1166 2536 1473 2418 797
1167 1177 3122 2107 1743
1168 2569 3634 1697
1169 3755 1325 2126 2511 3292 2870 2073 3228
1170 577 2161 3339 2089
1171 1960 3466 1309 3751
1172 3691 1661 3903
1173 2232 1034 2632 3231
1174 3544 2977 1392
1175 3169 1866 2494
1176 1226 2037
1177 1352 2033 3204
1178 1721 2607
1179 1520 1898
1180 2796 2261 2863
1181
1182 1082 1363
1183 3074 2093 2502
1184 1092 1262
1185 3546 1717
1186 3609 186 390
1187
1188 2248 2476 1960
1189 384 3692
1190 3059 3628 2263
1191
1192 1820 1375 2399
1193 3799 3555 1791
1194 1969 2355
1195 3338 2339 1357
1196 3762 3699 2531
1197
1198 1178 2106 2101
1199 3688 1416
1200 1318 2426 2982
1201 368 3842 3444 3198 1343
1202 2562 2525
1203 1760 3793 3558
1204 2759 2687 1135
1205 3617 2052 3700 3689 1915 3774
1206 3322 2764 3717
1207 2128 2746 3270
1208 1652 3367 3721 3287 1387 1693 3294
1209 2627 1396 2291 2855 2520 2568 3646
1210 2882 1756 3628
1211 2593 1762 1381 1031 1274 3118 1695
1212 3670 2999
1213 1201 2004 2173
1214 1568 1279 2639 2682 3099 2222 1167
1215 3338 1188 2797 1534
1216 1345 578 3701 1189 1191 2602 2299
1217 2703 1707 2060 1583
1218 1216 578 867 1279 1878 2151 2383
1219 1225 1331 1053 1701
1220 400 2235
1221 2347 1295
1222 1560 1724
1223 3362 1036
1224
1225
1226 2307 3543
1227
1228 570 2862 3783
1229 3921 2980 1157
1230 2459 1045 3655
1231 2584 931
1232 1602 757
1233
1234 2129 731 2537
1235 2658
1236 1488 3673
1237 1178 3332
1238 3534
1239 3418 3790 1086 2831
1240 1896 1119
1241 3486 3615
1242
1243
1244 1122 1019 2198
1245 2209 3028
1246 3528 2673 507
1247 1092 389 927
1248 1166 1237 1142
1249 2144 2600 1684
1250 3166 1277 1046
1251 1224 3212 3440 1406
1252 1384 3794
1253 374 526
1254
1255
1256 3348 2901
1257
1258 2873 2836 2118
1259 3736 3769 3052
1260 2720 1329 2809
1261 3589 1367
1262 1158 398
1263 2688 3771 2749
1264 1441
1265 3568 1463
1266 3712 3467
1267 2007
1268 1585 1982 182 2911
1269 1083 3518
1270 1480 2126
1271
1272
1273 1344 2226 2871
1274 3665 1178
1275 1989 2945 3453
1276 3537 2323 2236
1277 3826 3828 1898
1278 801 2243 1719
1279 3432 3348 648
1280 1041 2234 803 1487
1281 1788 2581
1282 1121 2694
1283
1284 2792 1099
1285 2940 1228 2926 1639
1286
1287 3083 2295
1288
1289 2604
1290 2593 1804
1291 1147 2300
1292 1186 1066 4037 3501
1293 3225 3123
1294
1295 1126 1879
1296
1297 1059 1829 2135 344 3674 3499 1503
1298
1299 1592 180 1630
1300 1698 2117 1261 2629
1301 441 3838
1302 184 1977 572 968
1303 3529 518
1304 2464 611 915
1305 872 800
1306
1307 3292
1308
1309
1310
1311 3731 3516 2333 2038
1312 3414 1734
1313
1314
1315 2480 1801 1952
1316
1317 1721 1906
1318 2776 2498 1420
1319 1807 1687
1320 1386 3501
1321
1322 1903
1323 1315 1708 3247
1324 2402 2270
1325 3394
1326 2676 1756 2500 1804
1327
1328 2045 1431
1329 2276 2487
1330 1770 2475
1331 1904 1678
1332 3033 3285 2318 3703
1333 3384 1973
1334 1490 354
1335 2144 2230 1752
1336 2073 2890
1337 1977 2839
1338 2832 1677
1339
1340
1341
1342
1343 2193 1838
1344 3169 2170 1530 2876
1345 2891 2043
1346 1504 1314 1892
1347 2219 3564 2198
1348 1568 2697 2553
1349 2499 3789 2486
1350 2848 2282 1899
1351 2928 3113 3933
1352
1353 3521 1933
1354 2617 3716 2580 1973
1355 2258 1370
1356
1357 2083 1492 2997
1358 2776 2115
1359 2619 3532 2839
1360 2880 2370 3636
1361 1418 3115 1628
1362 3457 2037 1822
1363 3705 3693 1927
1364 2400 3274 3151
1365 1653 2012 3437
1366 2920 1914 1876
1367
1368
1369 3472 2849 2964 2479
1370 3361 2542
1371
1372
1373 2888 2305 2976
1374 2283 2299 3719
1375 1545 1490 3398
1376 2289 2218 2771
1377 1610 2125 230
1378 1891 3549 2798
1379 1651 1613
1380 2424 2641 2972
1381 1576 3218 2437
1382 1480 3220 1431
1383 2769 2165 2799
1384
1385 3927 2495
1386 2824 2249 2061
1387 1973 3551
1388
1389 1448 1611 1909 1526
1390 3106 2181
1391 2297 2459 2687
1392 1666 2940 1852
1393 1810 3036 1850
1394 2122 2052 1725
1395 2072 2261 3582
1396 2318 2943
1397 2250 2195 1667 2549
1398 1458 1478
1399 2273 2875 3606
1400 3363 3164 2995
1401 3427 1713 1851
1402 1969 1425 3263
1403 1978 2933 2805
1404 1986 3682 1934
1405 1616 2803
1406
1407 2435
1408 3605 1686 3279
1409 3665 1738 2701 2838
1410 2529 3602
1411
1412 2722 1966 1575
1413 1481 3228 1654
1414 2882 1554 2780
1415
1416 3149 2765 2591
1417 3844 2997
1418
1419 3320 2116 2477
1420 3158 1655
1421 2937 2499 1519
1422
1423
1424
1425 3949 367
1426
1427 2034 1542 3847
1428
1429
1430 1584 1825
1431 3326 2406
1432 1372 2221 3326
1433
1434 729 420 3313
1435
1436
1437 1772 1647
1438 3376 1552 3470
1439 2552 2721
1440
1441 2713 3946
1442
1443 2008 3201 2426
1444 2288 2015 2879 2039 2426 3182 1615
1445 2376 1505
1446 1889 1631
1447
1448
1449 3346 1819
1450 2002 1932 2238
1451 2319 1557 1431
1452 3107 1917
1453
1454 2376 3122 1588
1455 1938 1915
1456
1457 1808 2625 2886
1458 2897 2337 1731 2963 3256 2794 1869
1459 2220 1509
1460 2405 3071
1461 3072 1729 3311
1462
1463 1691 1933 3191
1464 3488 3170 3050
1465 1602 3100
1466 3328 3852 3199
1467 2745 1794 2950
1468 3345 2972 2333
1469
1470
1471 3408 3163 1596 1791
1472
1473
1474 3065 2762 3125
1475 1790 3373 3134
1476 3328 3089 2034
1477 3201 2779 3097
1478 1657 3918
1479
1480 2765 1742 1517 1470
1481 1778 1461 3357
1482 3369 3324 3852
1483 2353 1995 1591
1484 3304 2940 2918
1485
1486
1487 3228 1738 3916 3245
1488 3256 3393 1823
1489 1784 3332 3077
1490 2338 367 3327
1491 1549 2654 3247
1492 2371 2011
1493
1494 2761 3186 1820 1615
1495 2411 2716 2749
1496 3162 3923 3268
1497 1793 2299 2343
1498 3147 2980 1623
1499
1500 2742 3407
1501
1502
1503 0 2322 2437 1990 2421 2009 1854
1504 1993 1508
1505 2321 3135
1506
1507
1508 1507 3948
1509 3289 1595 1996
1510
1511 3201 3091
1512 3332 2725 3935
1513 2978 3074 3038
1514 1986 2018 3167
1515 1485 1637
1516
1517 3004 3470
1518
1519
1520 3405 1730 1718 3320 1805 1804 3053
1521 2710 3319
1522 1618 2667
1523 1761 1614 3335
1524
1525 1602 2363
1526 1523 1749 1758
1527 3201 3379 3062
1528 1968 2346 3404
1529 1842 3485
1530
1531
1532 3339 1820 1987
1533 3344 1742 2343
1534 2008 3108 2726
1535 3264 2989
1536
1537 3311 2755 3343
1538
1539 1619 3300 2030
1540 1569 3058 1750
1541 1818 2677
1542
1543
1544 0 3026 3934
1545 2425 3921 2402
1546 3225 3915 2691
1547 1792 3116 2736
1548 1800 2680
1549 3036 3013 3151
1550 3384 1819 3206
1551 3248 1628 2364
1552
1553 3256 2600
1554
1555 2689 1796 1620 383 3198 2398 1583
1556 1772 3318
1557 1424 2402
1558
1559 2641 2403 2723
1560 3329 3484
1561 3224 3163 102
1562 3299 1631 1975
1563 1770 3279 2143
1564 3040 3351
1565
1566 3289 3015
1567
1568 3136 1826 2692 2022 3479 2637 3198
1569 1426 3220
1570 3261 1783
1571
1572 3385 3306 3019
1573 2688 1929
1574 3032 1848 1984
1575 3139 2644 3013
1576 1809 2761 2766
1577 3949 2701
1578
1579
1580 2012 1605 3230
1581 1839 3038 2663
1582 1802 1774 3031
1583 1811 3173
1584
1585 3125 2014 3351
1586
1587 3128 3481 2719
1588 3338 2658 1799
1589 1536 3203 1790
1590 2713 2420
1591 3288 3483 3027
1592 3185 1530 1830
1593 2722 3394 2414
1594
1595
1596 3042 2733 3358
1597 3275 2691 3053
1598 2706 3138
1599
1600
1601 3001 3842 3949
1602 2696 1601 2723
1603 3277 3095
1604
1605 3840 9 1508
1606 1426 1507
1607
1608 1473 1604 3318
1609 1768 2651
1610 3232 2747 3343
1611 1716 13
1612
1613 3481 3347 3220
1614 3080 3081 3261 167
1615 3232 3105
1616 2401 3148 3062
1617 2658 1781 1429
1618 1436 3372 1599
1619 3280 3834 3347
1620 3234 3347 2197
1621 3378 3347 3203 1943 3048 2763 1613
1622
1623
1624
1625 1425 1716 2741 3176 3083
1626 2410 3148 1773 3213 2671 3184 1596 2655
1627 3360 102
1628 1992 3113 3359 1991
1629 3171 2267 2413 3214 3391
1630 3186 3083 1796
1631
1632
1633 3248 3401 3836 3852
1634 1777 2299 3105 3239
1635 3336 3189
1636 3489 1531 3273 2761
1637 1824 3938 1635 2409 1516
1638 3921 3203 2748 2023
1639 2385 3354 3087
1640
1641 3192 1499 3269 2686
1642 3298 1797 1741 3838
1643 1763 2325
1644 2769 3010
1645
1646 3348 2698 1739 3933 2686 3007
1647 2414 3399
1648 2024 1604
1649
1650 3217 1934
1651 1521 2023 3845 2726 2983 3422
1652 3936 2234
1653 3917 2702
1654
1655 2417 3059 3927 3914 1629 1726
1656 3138 1461
1657 2924 2975
1658 2369 3159
1659 3332 2420 3030 2393 1641 3483
1660 2634 2639
1661
1662 2001 3194 2601
1663 3036 2839
1664 1643 1934
1665 1846 2154 1590
1666
1667 3361 2403 3836 3182
1668 1920 3305 2293 4039
1669 3268 3231
1670
1671 1832 3156 2830 1719
1672 3082 1917
1673 2875 2878
1674
1675
1676 383 3191 2757 3407
1677 2768 2006
1678 2632 1495
1679
1680
1681 3250 2355
1682 1912 3946 1797 2310
1683 2288 2332
1684 2496 1784
1685 2860 2431
1686 2899 2451 1877
1687 1560 2873 2949
1688
1689 1563 2031
1690
1691 3200 1779 1413 2984 2981 3064 3083
1692 2666 3090
1693 3323 2711
1694
1695 1480 3368 1496
1696 3390 2757 1430
1697 2896 1993
1698
1699 1886 2639
1700
1701 3281 2993 1571 2388 3286 3322 1484
1702 1945 3279
1703 3371 1503
1704
1705 1808 1940 1637
1706 1986 3021 2706
1707 3040 2736
1708 3840 3242 3298
1709
1710 1592 3337 3331 3061
1711 1553 2721 2780
1712 3136 1740 2440
1713 1943 3121 1633
1714 2732 3324 3474
1715 3053 2735
1716
1717 3037 1825 3109 3839
1718 3272 3291 2404
1719 2633 1956 3385
1720 2963 5 3275
1721 2771 2653 2973
1722
1723 2013 3342 3487
1724 3028 1525 2630
1725 2416 2266 2742
1726 3296 1554 3260
1727 2344 1950 3223
1728 2371 2622
1729
1730 3041 2683 1508 102
1731 2696 3345 3296
1732 1738 3290 3383
1733 3185 3074 2413
1734 1581 1995 245
1735
1736 996 1821
1737
1738
1739 3266 3138 3352 2427 3340 3006 1999
1740 2298 3031
1741 3049 2423
1742
1743 3476 3278 3007
1744 3185 2650 3050
1745 3328 3379 3077
1746 3053 3355 2685
1747 3065 1556
1748
1749 2196 1844
1750
1751
1752 1776 3226 3831 3033 2026 1996 3295
1753 3246 3142
1754 1780 3285
1755 3246 3014 3486
1756
1757 3243 3254
1758 3219 2699 3476
1759 3224 3289 1971
1760 2392 2673 3851
1761 3479 1559
1762
1763 3392 2650 3347
1764 3396 2143 2015
1765 3218 3939 3348
1766 1821 2022
1767 3368 3098 3232
1768
1769 3219 2725 3119
1770 3371 1619 3349
1771 2409 1431
1772
1773 3008 3169 3239
1774 3028 1812 1815
1775 3233 3068 1372
1776 2728 3051 3109
1777 3298 2679
1778 3233 1811 3063
1779 3274 3091 996
1780 3184 1809 3334
1781
1782 3321 3266
1783
1784 2398 3074 3029 3318 2408 3018 1838
1785 3144 2021
1786 3386 2387
1787
1788 3038 3318 1807
1789 3299 3118 2391
1790 3128 3313 3387
1791 2675 2749 2999
1792 1841 2667
1793
1794 2739 2734
1795
1796 3025 3283 2197 3079 3082 3245 3262
1797 1640 2380
1798 3261 1431
1799
1800 1830 2197 3230
1801 3138 3348
1802 3228 3259 3300
1803 2321 1466 2407
1804 3287 2724 3303
1805 2699 3475
1806
1807 3272 3364 1429
1808 1507 2748 1615
1809 3232 1826 1813
1810 3154 1613
1811 2736 3369 2197
1812
1813 2410 2322 1429
1814 3120 1434 1619
1815 3489 3300 3301
1816 3088 2414
1817 3355 3371 3247
1818 3144 3244 3116
1819 1832 3124 3382
1820
1821 3297 3218 2406
1822 3296 13 3846
1823 3345 3119
1824
1825 1618 3211 1820
1826 3344 3334 3215
1827 3283 1605
1828
1829 2399 2143
1830 3240 3089 3835
1831 3314 3126
1832 3080 2615 3183
1833 3384 3082 3476
1834 3473 3235 3187 3123 3063 3256 3245
1835
1836
1837 2720 3206 3384 3065 3086
1838 1824 66 3138 3271 3244 3310 1616 2139
1839 1472 3118
1840 1802 2724 3189 1622
1841 2401 3349 1943 3242 1815
1842 3488 2381 2407
1843
1844 3296 2721 3174 3342
1845 3235 2724 3852 3079
1846 3842 2717
1847 3182 3276 3230 2679
1848 3378 1812 2007 3098 3835
1849 2754 1817 3058 2759
1850 1424 3483 1847
1851 2641 2727 3361 2367
1852 2032 1808 1621 2725
1853 3292 2999
1854 1576 3097
1855
1856 2693 2374 3302 1576 3933 2029
1857 1824 3206
1858 3346 1827
1859 1506 1963 3143 3067 1945 3083
1860 3930 2695
1861 2171 1619
1862
1863 2689 3843 3222 2775 3913 3097
1864 2027 1804
1865 1746 2612
1866 3938 3124 1909 1575 3196 1598
1867 1744 3084
1868 3841 2780 3366 3919
1869 1306 3271
1870 3051 1764
1871 2596 3357 1783
1872 2875 2883 1831 1807
1873 2881 1729 2445 1438
1874 1632 2878
1875 3048 3236 1621 2036
1876 3109 2295
1877 2353 2975
1878
1879 3056 2561 1523 2557
1880 1953 1862
1881 3329 1855
1882
1883 2873 2980 1942 3143
1884 2555 1645
1885 1833 3139
1886
1887 1643 2964
1888
1889 2688 2433 1716 1974 1994 2987 3950
1890 3320 3331
1891 2316 1527
1892
1893 2704 2785 2772
1894 2259 3108 3310
1895 2008 2703
1896
1897 3273 3263
1898
1899 1858 3382 2455 3304 3209 2012 3007
1900 2688 3266
1901 2664 1699
1902
1903 1808 1763 3268
1904 1738 3852 2967
1905 3276 1623
1906
1907 2433 3071
1908 1652 2438 3087
1909 1584 1533
1910
1911 3058 3938
1912 3316 1518 1487
1913 3152 1985 2373 1942 1511 3484 3839
1914 3050 1646
1915 3840 1524
1916
1917 1601 2449
1918 1748 1732 13
1919 1842 2733 3111
1920 3019 2612
1921
1922 2961 1747 2934
1923 3483 3182
1924
1925 1739 3219 1747
1926 3248 3843 2004 1859 2758 3064 2044
1927 2601 1949
1928 2648 3226
1929 3219 3085 3319
1930
1931 1744 2625 3293
1932 2401 3153 2181
1933 2755 2319
1934 3066 2981 2398
1935 2729 3116 1839
1936
1937 2744 1371 1572 3299
1938 2682 1306 3150
1939 3077 3163 1957
1940 2777 2418 3367
1941 2656 3845 2741
1942 3273 3833
1943
1944 2008 2667 3139 3069
1945 2760 3362 2771
1946 1619 3341 1982
1947 3027 2756 2630
1948 1506 3196 3255
1949
1950 1624 1962 2420 1823
1951 3099 1502 3126
1952 3163 2748 1990
1953 3480 1995 2350
1954 3832 2666 3236
1955 1564 1958
1956
1957 2641 3001 1733 2415
1958 2381 3054 3375
1959 2691 1796 1974
1960 3474 1803 3004
1961 2384 2373 3350
1962
1963 1834 3941
1964
1965
1966 1584 2737 2690 3280 2388 3208 2970
1967 729 1767
1968 1565 3479
1969
1970 3360 3473 2674
1971 3104 3364 3061
1972 2659 2715
1973 1808 3258 3013
1974 2377 3845 3373
1975 2755 1510 3479
1976 2421 1991
1977
1978 3832 2
1979
1980
1981 3387 3102 3384 2729 1803 3262 2718
1982 1755 3094
1983 2665 1982
1984 3017 2364 3325
1985 2745 3266 1839
1986
1987 3025 3010 3366
1988 1808 3382
1989 0 3360 2415
1990 2379 1796 2990
1991 2651 2678 2647
1992 1298 2139
1993
1994 1756 3172 2390
1995 3187 2404 2413
1996 1640 2196
1997 1595 3396
1998 2704 3202 3397
1999
2000 2712 3040 3014
2001 3233 3009 1749
2002 3944 2417
2003
2004
2005 3195 3326 3043
2006 3109 13 3150
2007 3062 2727
2008
2009 3185 2698 3308
2010 3249 3050
2011 2387 3076
2012 3264 3065 3472
2013
2014 3045 2741
2015 3219 3134
2016
2017 3210 3851 2724
2018 1472 2710 3023
2019
2020 3049 2386 3489
2021 2728 2691 1510
2022
2023 1473 1430 2319
2024 3264 1612 1631
2025 1985 1599
2026 2018 1542
2027 1578 2757 2727 3129 2666
2028 3377 2716 3207 3324 3485
2029 3940 2388 2600 2412 3950
2030 3344 2432 2343 1929 1819
2031 2209 3835 3086
2032 1574 2665 2670 3358
2033 3848 3251 1603 2709
2034 2009 3919
2035 1809 3252
2036
2037 3314 1756 2724 2650 1548 1502
2038 1986 3374
2039 3285 2735
2040 1857 3025 996 1625 2395 2974
2041 1625 3083
2042 2332 3119
2043
2044 2010 1642 1782 2682 1835 3357
2045 3154 2444
2046 3027 3014
2047 2994 2035 3941 3383 3164 1789
2048 2025 3286
2049 2743 3039 1767
2050 3243 3020 3174 3231
2051 1736 1546 3011 420
2052 3945 1618
2053 1584 2425 863
2054
2055 3136 2338 3086 2999
2056 3285 2373 3302 1973
2057 1842 1846
2058
2059 1432 2296 2380 2007
2060 1873 1490
2061 1552 1878
2062
2063 2776 1545 2218 1494
2064 2962 2231
2065 3018 2223
2066 3918 1491 2660 2269 3405 1662 1647
2067 2923 2219
2068
2069 1544 3322 2222
2070 1920 2980 2519 3740 2749
2071 3000 2370
2072 2648 1971
2073 3474 2712 1544 3081 2509 3486 3727
2074 2332 1575
2075
2076 2880 2099 2862
2077 3345 2328 3832 2474 2781
2078 3177 1566
2079 1854 3207
2080 2201 3074 2507 2335
2081 1865 1834
2082 3914 3932
2083 2048 1882 2261 3834
2084 2788 2380
2085 3066 1422
2086 2960 3108
2087
2088 2632 1876
2089 1585 1588 2910 3044
2090 3055 3711
2091 2752 1753 3298
2092 3843 3747 3227
2093 2680 1925 2031
2094 2994 2620 1710
2095 2640 1442 1895
2096 2500 2671
2097 2473 1540 2793 1373
2098 2344 3036
2099 2661 3094 3391
2100
2101 1554 2716 1999
2102 1466 2100 1439
2103 3328 1856
2104 2588 2390 2991
2105
2106 1616 2326 2039
2107 1581 3935
2108
2109
2110
2111
2112
2113 2529 1665 2340 1958 2471 1372 1582
2114 1656 2834 3077
2115 2546 2731 3207
2116
2117 2872 1689 3012
2118 3 2470 2039
2119 2568 1473 1659 2374
2120 2448 2593 1601
2121
2122 3361 1924 2287
2123 1959 1907 3942 2071 2600 2587 1855
2124 3594 1628 1517
2125 1490 1764 1471
2126 2978 2322 2194 1609 2682 2203 2317
2127 1648 1885
2128 3284 3662
2129 2121 2893
2130 2216 2170
2131 1634 3630
2132 1749 2586 2812 2093
2133 2305 1317
2134 1972 3372 3318 2762 2748
2135 2508 3047
2136 1602 3260
2137 2749 2206
2138 2745 1421
2139
2140 1473 3194
2141 1434 1675 1861 2622
2142 395 1756
2143
2144
2145 3600 3042 2919
2146 1738 3373 1581
2147 3112 3852 1854
2148 3754 2834 1879
2149 3722 1595 2804
2150 1160 3012 2118
2151 2923 2444
2152 1352 3073 1339 2535
2153 3041 2901
2154 3944 2675 3039
2155 3363 3303
2156 2936 3386 102
2157 2072 2139 3430
2158
2159 2112 3090 2084
2160 1394 2653
2161 2000 2753 2076
2162 1921 2447
2163 2858 3252 2551
2164
2165
2166 3036 1773
2167 1454 3407
2168 2728 2744
2169
2170 245 367
2171
2172 1605 2597
2173 1485 3251 1845 2853 3479 1965 3934
2174 3299 2564
2175 1729 3050
2176
2177 2552 3275 1676
2178 2057 1570 1771
2179 3605 1429
2180
2181 3284 1606
2182 1425 3299
2183 1865 1486
2184
2185 1736 2629
2186 2720 1506 3108 2806 2251 3196 2463
2187 2891 3724
2188 3219 2788
2189
2190 3346 2395
2191 2650 3155 3725
2192 3336 2593 1642
2193 3097 2442
2194 2155 1724
2195 2948 2770 1652
2196 3845 3479
2197 3349 3245
2198 2064 2154 2047
2199
2200 3168 1702
2201 3373 2606
2202 2409 1535
2203
2204 1562 3180
2205 2266 2034
2206 1872 2675 3156 3285 3319 2250 1871
2207 1737 2267
2208 345 3726
2209
2210
2211 1636 1438
2212 1672 2032 3238
2213 1900 2998 2334
2214 1632 3119
2215
2216 1536 2354
2217 1912 3836 1540
2218 2722 1951
2219
2220
2221 1834 2620 1511
2222 2448 2417 3170 1460 2058 2572 1582
2223 2256 397
2224 1817 2675
2225
2226 3160 2057
2227 3241 2969 3078
2228 3305 2628 3053
2229 2922 2223
2230
2231 3228 2748 3126
2232 2393 1854
2233
2234 2426 3330 1540
2235 1953 3253 1973 3097 1450 3021 1998
2236 1482 2599
2237 2357 2509
2238
2239 2376 3073 1988
2240 1976 1891
2241 1988 1773 1918
2242 1449 2578 3477
2243 3097 1723
2244
2245 2323 1619
2246
2247 2304 1955 1562 2652 3101 1438 1583
2248 3093 2165
2249 1528 3372
2250
2251 3408 2873 3095
2252 3488 3946 2309
2253 3931 1494
2254 2786 2885 1941
2255 2200 2275 1988
2256 2896 3133
2257
2258 1808 3258
2259 2323 1795 3291
2260 1693 3422
2261
2262 1813 3318 2031
2263 3329 2746 3929 3082 2348 1597 2750
2264 3832 1841
2265 1752 3320
2266 3346 3175 367
2267 3256 3261 3174
2268 3177 3332
2269
2270 3272 2010 1839
2271 2906 1781 1742
2272 2584 1646
2273
2274 2376 3194 1728
2275 1651 2430
2276
2277 3225 3042 1804
2278 3408 1796 2789 2990 3000 1692 2446
2279 1704 1442
2280 3278 2575
2281
2282 2042 3938 3935
2283 3049 3405 2861
2284 3091 3067 2724
2285 3003 3127
2286
2287 1594 1727
2288
2289 2382 3237 1704 2889 1786 2988 3022
2290 2889 1462
2291 3062 1999
2292
2293 2649 3402 1913
2294 1458 2670 2054
2295 2888 3121 2675
2296 1609 2357 1742
2297 1755 2444
2298 3470 3220 166
2299 1594 3213 3358
2300 3185 2441 3213
2301
2302 3845 2446
2303
2304 2999 1573 1413 2437 2954 3115 2959
2305 3929 2
2306 2376 1491
2307
2308 3833 3340 13 1694
2309 1984 2977 2196
2310 2185 1498
2311 1921 1538 2740 2693
2312
2313 1923 2901 2909 1947
2314 2914 1851 3358
2315 3033 1470 2959
2316 3080 2010 1429
2317 3922 2428 1694
2318 1710 1790
2319
2320 1600 2988 1998 3406
2321 2392 3189 3351
2322 3057 3850 3188
2323 1618 2998 1943
2324 1529 1755 2391
2325
2326 3352 1956 1749 2928
2327 3105 2756 2406
2328 2425 1514 166
2329 2656 3270 1622
2330 1517 2653 2381
2331 2408 3408
2332
2333 1617 3001 1507 3406
2334 2708 2669 3110
2335 1969 2370 1556
2336 3352 3060 2446
2337 3073 3157 3086
2338
2339 2344 2650 1790 2015
2340 2443 3030
2341
2342 2984 1980 2709 2734
2343
2344 1837 2437 1623 3039
2345 1818 1731 3486
2346 1761 3476 3133
2347 1580 1596 3367
2348 2985 1756 3350
2349 1744 3190
2350
2351 1850 1436 3058 3230
2352 2683 3132 2028
2353 1627 3147 3343
2354 1968 3130 3318
2355 2970 3069 2750
2356
2357 1832 2698 3931 2699
2358 2672 3196
2359
2360 1832 1620 2669 1839
2361
2362 3057 3138
2363
2364
2365 3234 3074 3301 3191 3256 3244 3213
2366 3136 3950
2367 3325 1599
2368
2369 3295 2407 1615
2370 2416 2999
2371 2738 3116 3317
2372 2746 1821 996 2386
2373 2680 1461 3007
2374 2267 1599
2375
2376
2377 1431 2714 3235 2999
2378 3321 3147 3254
2379 3145 2390
2380
2381 3474 3205 2615
2382 2385 3175 3117 3159
2383 2720 1836 1838
2384 3043 3847
2385 2400 2381 3094
2386 2393 3181 3143 1823
2387
2388
2389 2266 2267 3365
2390 1835 3094 3183
2391 3064 2739
2392 3008 3836 3261
2393 3153 3109 3071
2394
2395 3298 2267 1604
2396 2392 3386 2675
2397 3273 2721
2398
2399 3219 3166
2400 3161 3090
2401
2402 3001 3836 3199
2403 3075 3101 3253
2404
2405 3218 3485 3335
2406 3224 3281 3069
2407
2408 3106 3109 3846
2409 3355 3187 3847
2410 3288 3088
2411 3376 3836
2412 1425 383 3191 2266 2319
2413
2414
2415
2416 3280 1812 1605 3372 3195 3948
2417 3360 3369 1612 1613 3250 3833 3131 3839
2418 1808 3308
2419 3289 2613 3044 2389
2420 3280 3297 1607 2759 3849 1774
2421 2401 3139 2182
2422 3228 3294 3116
2423 3360 3260 3237 1605
2424 1984 2370 2013
2425 1825 1595 3127
2426
2427
2428 3255 3319 2613 3063
2429 3481 3364
2430 3483 1796
2431 2409 3252
2432
2433 1968 1805
2434 2000 3273 2405 2711 2681 3852
2435 2765 1830
2436 1960 1527
2437
2438 1745 1971 3317 1306 3339 2653
2439 3000 3061
2440 3843 3412
2441 5 678
2442 3265 3394 2771 3079 9 2767
2443 1562 2678
2444 3012 2975
2445 2722 2754
2446 3473 3938 2995 3124 3240 2765
2447 3014 2623
2448 2760 1995
2449
2450 1956 3926 3224 1849 3386 3164
2451 3049 1937
2452 2337 2028
2453 2410 3365
2454 2960 3329 1777 1574 1816 3325
2455 1640 2758
2456 2620 1599
2457 1825 1906 3138 3192 1755 3085
2458 2432 2781
2459 3016 1945
2460 3218 3931
2461 1937 2962 3045 2216 1484 2702
2462 2014 3175
2463 1625 2915 3252 2447
2464 2753 3914 2238 1710
2465 3428 2238
2466 1986 1698 3001
2467 1810 3061 2335
2468 2441 2462 1806
2469 2065 2291 2779
2470 3277 2332 2533
2471 3192 3137 1962
2472
2473 1624 345 1449 1455
2474 1723 2700 2564 2243
2475 3472 1525
2476
2477 2513 2010 2053 1798
2478 3027 87
2479 2339 3413
2480 2792 2730 2998
2481
2482 3137 2730 3917 1477
2483 2120 3765 1613 2391
2484 2773 3279
2485 3216 825 3597
2486 1498 2546 2059 3530
2487 2362 2927
2488 1757 1950
2489 1649 1779
2490 2050 3396 2742
2491 1864 2866 367
2492
2493 2519 3263
2494
2495 3041 3171 2739 2391 1992 3194 1788
2496 2172 1719
2497 421 2470
2498
2499 2677 1437 2775
2500 1851 2205 2663
2501 1649 3850
2502
2503 2961 2947
2504
2505 2243 1428 2051 2726 1703 3470 2287
2506 1908 3414
2507 2652 1662
2508
2509 1707 2430
2510 2616 2242 2238
2511 1937 2613 2943
2512 2278 2039
2513
2514 1842 1844
2515
2516 2932 1908 2407 2904 2570 1867 3213
2517 1930 2372
2518 2720 3747
2519
2520 2304 3754 2436
2521 3096 1371 2292
2522 3482 2046
2523
2524 2929 2375
2525
2526 3400 2453 2952 4041 1465 1916 2059
2527 2201 3470
2528 2688 2371
2529
2530 1928 1700
2531 1800 2348 1486
2532 2515 3102 2935
2533 2341 2454
2534
2535 1456 1556
2536
2537 1457 2786 2292 3413 2028 2605 2431
2538 2352 2575
2539 3161 2012
2540
2541 1748 3163 3308
2542 3938 1759
2543 3920 2433 3434
2544 2220 3852 1726
2545 1865 2329
2546
2547 3113 2324
2548
2549 1473 2882 3331 2292 2548 3286 3847
2550 1986 3214
2551 2312 1589
2552
2553 2377 1489 2949
2554 1760 1489 3213
2555 2240 3427
2556 1833 2291 3894
2557 3266 2444 2990
2558 1854 3191
2559
2560 1865 2283
2561
2562 1927 3044 1701 2791 1719 3294 2334
2563 2221 2271
2564 2428 2358
2565
2566 2288 2934 1735
2567 1536 3488 1487
2568 2772 3135
2569
2570 383 3383
2571
2572 2656 2865 1786 2679 3274 1595 2781
2573 1562 3219
2574 2026 1699
2575
2576 2602 2863 3095
2577 2603 2867 2452
2578 3304 2898 3374
2579 2600 3009
2580
2581 1429 1702
2582
2583 1809 2546 1827 3894 2582 1579 1837
2584 1981 3102
2585 2968 2778
2586
2587 2713 2987 3142
2588 1552 2261 2662
2589 2913 1713 1786
2590 1521 2643 1614
2591 2744 1922
2592 2364 2894 1607
2593
2594 2992 1513 2394 3917
2595 2016 3085 3008
2596 3330 3172 1565
2597 2346 2341 1438
2598 2439 3337 2879
2599 2986 4038
2600
2601 2921 245 1742 1615
2602 66 3339 2734
2603 3059 3268 1507
2604 1728 2004 3108
2605 2928 2675 1868
2606
2607 2378 2139 2714 2375
2608 1576 2717 3327
2609 2640 2969 3083
2610 3000 1514 2390
2611 3305 1371 2991
2612 3329 3285
2613
2614 1632 3018 1563 1631
2615 3137 3211 3177
2616 2029 3005 1535
2617 3274 1858 3287
2618 2658 1587 1948
2619
2620 1856 3363 2748 3191
2621 1633 1778 2022
2622 3017 3148 2981
2623 1593 3395 3105
2624 3282 3851 3924
2625 1953 3279
2626
2627 3077 3362 2661 2646
2628 3039 3131 1771
2629 3321 2266 3846
2630 3280 2353 2996
2631 2003 1964 1606
2632
2633 2385 1980 2020 3177
2634 1750 2999
2635
2636 3315 1565 2003 2407
2637
2638 1785 3338 1574 3143
2639 3235 3358
2640
2641 1612 3111 1790 2695
2642
2643 3852 3366
2644
2645
2646 3264 2705 2 1827 3248 3173 2382
2647 1731 3308
2648 3489 3470
2649
2650 3264 1985 2370
2651 3053 3278
2652 1970 3348 1495
2653 1640 3354 3370
2654 1777 2267 3036
2655 3220 2375
2656
2657 3297 3227
2658
2659
2660 2432 3102 3337 3290 3243 3949 3166
2661 3232 2702
2662 2714 3292
2663 2394 3083 2734
2664
2665 3272 1429
2666 2196 3109 3054
2667 3485 2390 1599
2668 1810 3371 2757
2669 3273 1780
2670
2671 3332 13 3205
2672 3354 1372 3286
2673 3136 3362 3181
2674 3082 3387
2675 3323 3220 3087
2676
2677 1536 3124 3375
2678 3842 3390 3231
2679 2740 166
2680
2681 3115 1788 2749
2682 3488 3120 2404
2683 3008 2405 3264
2684 2688 3336 3188
2685 1819 3220
2686 3089 3178 3253
2687 3229 3181 3334
2688 3146 3042 2990
2689
2690 3115 3199
2691
2692 3101 2707 3317 3373 3211 3357 367
2693 3345 2410
2694 2398 3255
2695
2696 3489 3486
2697 3848 3260 3068
2698 1613 2399 3487
2699 3152 3115 2709
2700 3034 3207
2701
2702 2600 3346
2703
2704 3297 3314 2724 3207 1787 2397 3150
2705 2712 1943
2706 3388 1429
2707
2708 3385 3839
2709 3122 1622 3303
2710 3851 3321 3379
2711 3180 2393 1436
2712 1828 2695
2713
2714 3267 420 3108
2715 3832 3841 3215
2716 3316 2675 3180
2717 1833 3035
2718
2719 3850 421 3229
2720 3112 3185 3251
2721 3163 3045 2710
2722 3276 2405 2999
2723 3483 2012
2724
2725 3362 2267 1718
2726 3148 2165 3151
2727 3304 996 3223
2728 3083 1718
2729 3194 3122 1431
2730 3329 2707 3182
2731 1472 3243 3292
2732
2733 3054 3269 3134
2734 2 3058 3163
2735 3160 3103
2736
2737 2406 3371 3054
2738 1307 3124 3174
2739 3142 3055
2740
2741 3357 3094
2742 3112 3283 2732
2743 2600 3143
2744 3155 3486 3835
2745 3081 3031 383
2746 3252 3845 3240 3129 2394 3229 3838
2747
2748
2749 3111 3192 3370 3147 3086
2750 3332 3852 2732 1806 3344 2737 3283 3226
2751 3217
2752 1594 2708 3470 3342
2753 3034 2411 2645 3215
2754 1779 1820 3949 1822
2755 2017 3060 3111
2756
2757 3369 3319 3485 3095
2758 2721 3012 1790 1604
2759 2694 3295
2760 0 2139 1780 1731
2761 3139 2739 2758 3197 3485
2762 3296 3370 1788 3055
2763 3936 3365 1814
2764
2765 3401 3046 1550 3937
2766 3172 3114 3331 1842
2767 1530 2667
2768 3920 3388
2769 3348 3013 1433 1929 3355 1549
2770 1611 2749
2771 2736 1629
2772 1298 3204 1813 2006 2629 1436
2773 3205 3398
2774 3240 3104
2775
2776 1760 3920 3120 3850 2412 2734
2777 3193 1637
2778 3313 1558
2779 3286 1623 3016 3849 3195 1755
2780 2408 3019
2781 1506 2767
2782
2783 3944 3226 1628 3930 2734 2652
2784 2448 2353
2785 1947 2606
2786 2366 1474 3418 3339 3309 1646
2787 3933 1975
2788 3203 2725
2789
2790 2451 3269 2710 1913 3421 3949
2791 1656 1954
2792 3256 3406
2793 2979 1476 2922 2874 1853 3839
2794 2948 3404
2795 3218 1739 3222 2326
2796 2682 2439
2797 2053 1711
2798 2537 2234 2971
2799 1978 1797 2727
2800 3040 3393 2255
2801 2977 2436 2879
2802 3129 2547 1766
2803 1604 2542 2015
2804 9 1925 2534 2663
2805 2241 1754 3292 2391
2806 2200 2892
2807 3408 2921 1810 3939
2808 1517 2535
2809 2546 2791
2810 3025 2020 3022
2811
2812 3392 2403 3092 1736
2813 3368 1948 2444 3844
2814 1612 2396
2815 2905 1981 3405 1967
2816 2064 2519
2817 1888 3428
2818
2819 3001 2970
2820
2821 3394 1438 1476 2263 1737 3118 2335
2822 1765 2493
2823 1504 1589
2824
2825 3368 2642 2941
2826 2025 1845 1983
2827 3283 3156
2828
2829 2732 2951
2830
2831 2752 1429 1687 1912 1611 2413 2655
2832 2802 1757
2833 2224 2693
2834
2835 3290 3019
2836 1433 1587 3599
2837 2713 2566 2495
2838 1452 2422
2839
2840 2000 1435
2841
2842 1490 3061 2389 1566 3161 3356 2350
2843 2394 2437
2844 1654 3711
2845
2846 3848 3145 1748
2847 2857 3260 3389
2848 1506 3923
2849
2850 2309 2911
2851
2852 1923 3252 2308 1740 2375 3288 2972
2853 3345 3002
2854 2764 1886
2855
2856 1802 2652
2857 1461 3054 2023
2858 1529 2852 2983
2859 1500 3847
2860
2861 3412 2605
2862
2863 2049 3 1989 3093 1784 2973 1966
2864 3218 3167
2865 1761 1541
2866
2867 3220 1844 1943
2868 2147 2934
2869 2338 3332 2758
2870 2450 1964 1919
2871 1506 2851
2872
2873 2387 2631
2874
2875 1952 1690 1307 3212 1580 1946
2876 2288 2377
2877 1768 3141
2878
2879 1477 102 1655
2880 1790 1758 2615
2881 1473 1796
2882 3064 1722 2674
2883 3002 2956 3922
2884 1856 2877
2885
2886 2608 3263
2887
2888 1922 2979 2887 2696 1865 3211 3918
2889 2298 1867
2890 3424 1505
2891
2892 3040 1737 1490
2893 1601 2753 2365
2894 2739 3236
2895
2896 3834 2974
2897
2898 3392 2786 1971 2373 1975 2029 3278
2899 3842 2997
2900 1928 3248
2901
2902 2036 2399 1999
2903 3293 3046 3943
2904 1579 3022 1847
2905 2386 1940
2906
2907 2009 1559
2908
2909 2769 3938 1817 2026 2332 1998 1807
2910 3171 2948
2911 3232 1817
2912
2913 1801 1926 3311
2914 2929 1987 2645
2915 1752 3019 1724
2916 3025 3949 1551
2917 1566 3415
2918
2919 2268 2036
2920
2921 3104 3312 2978 1381 2981 3943 3146
2922 3337 1981
2923 1732 2678
2924
2925 3393 2018 3036
2926 2408 2385 3249
2927 1562 1778
2928
2929 3179 2983
2930
2931 3168 1428 3317 2943 1735 3416 2735
2932 2346 2366
2933 3116 2655
2934
2935 1841 1490 3845
2936 2026 3346 1756
2937 1849 3301 3839
2938 2299 3924
2939
2940 3368 1583
2941
2942 3011 3045 1831 1751 1595 2988 1821
2943 2659 167
2944 2704 2369
2945
2946 3152 1763 3197
2947 2920 2981 1543
2948 1528 2988
2949
2950 3204 2759
2951
2952 3920 2019 1606 3148 2989 3166 3295
2953 3482 1726
2954 1974 3151
2955
2956 2721 1742 1847
2957 2656 2969 1523
2958 2752 1372 2734
2959 3156 3183
2960 3146 2011 1956
2961
2962 3393 2442 1748 3325
2963 1599 1805 1815
2964 3314 2430 2342
2965 3177 2636 1837
2966 2387 1555 2370
2967 2361 1638
2968
2969 2638 1795 3412 1518
2970 3850 3842 3298
2971 1857 2381 1838
2972 3282 3238 3006
2973 3336 3235 3022
2974
2975 3832 3171 3364 1773
2976 1544 3384 1832
2977 3230 2445 3254
2978 1579 3219 3177
2979 1649 3050 3839
2980 1603 678
2981
2982 2416 3112 2435 2000
2983 1988 3942 2143
2984 2666 2708 3095
2985 3145 1740 3335
2986 3380 3389 1759
2987
2988 1584 1962 3356 1485
2989 3313 3479
2990
2991 2657 3187 2013 3254
2992
2993 2728 3378 2699 3269
2994 2368 3321 1748
2995 3283 1595 1430
2996 1587 3118 3383
2997 3060 2381 3014
2998 3169 3141
2999
3000 1984 2738 3948 3006
3001 3312 3214 3008
3002 2024 2419 1479
3003 2409 3076 1757
3004 3196 3833 1580
3005
3006 3278 3268 1757 3230
3007 3484 3021
3008
3009 3310 1612 2370 3478
3010
3011 3297 3319
3012
3013
3014 3062 3158 1640 3080 1530 3244 3342
3015 1729 2382
3016 3108 1622
3017
3018 3264 1825 3038
3019 3050 1819 3471
3020 2704 3267 3239
3021 3025 3372 3391
3022 3203 3095
3023
3024 3309 166
3025
3026
3027 3037 3268 3162 3334 3337 3354 3949
3028 3232 3358
3029 2376 2396
3030 3178 3171 1604
3031
3032 3064 3222
3033 3336 3066 3174
3034 3296 3265 3280
3035 3091 2319 1767
3036 66 3143
3037
3038 3264 3071 3159
3039 3077 2742 3239
3040 3112 2403 2197
3041 3479 3095
3042 3843 1612 3295
3043
3044 3088 3235 3008
3045 3160 3370 3131
3046 3840 3319
3047
3048 3090 3270 3191
3049 3147 3292 3340
3050 3048 3300 3052
3051 3192 3184
3052
3053 66 3949 3470
3054 3201 3339 3260
3055 3336 3355 3254
3056 3372 3085 3310
3057 2144 3380
3058 1608 9 3276
3059 3291 3333 3839
3060
3061 1472 3121
3062
3063 1608 2003 3235
3064 1307 3341 3095
3065
3066 3217 3313 1606 3305 3324 3357 3071
3067 3083 3347
3068 3330 3166
3069
3070 3473 3357 3215
3071 3073 3162 3191
3072 3256 3179 3205
3073 3122 3322 3268
3074 3840 3228 3063
3075 3294 3287
3076 3235 3205 3326
3077 3305 3346 3198
3078 3218 3316 3111
3079 3330 3271
3080
3081 1429
3082
3083 3168 420 9 3194 3211 3948 3197
3084 3217 3317
3085 3345 1622
3086
3087 3209 3259 3289
3088 3328 2298 3295
3089 3296 66 3262
3090 1424 3210 3157
3091 3328 3483 3135
3092 3121 3001
3093 3324 3285
3094
3095 3212 3844 3470
3096 3123 3268 3053
3097 3216 3065 3338
3098 3841 3165 3125
3099 3242 3074 3238
3100 3360 2196
3101
3102 3476 3211 3324
3103 3124 3158 3334
3104 3162 3267 3229
3105 3304 3098 3170
3106 2970 3195
3107 3069 3253 3126
3108
3109 3209 3131 3350
3110 3164 3358 3103
3111 3155 1604 3119
3112 3473 3290
3113
3114 3321 3178 3150
3115 3834 3343 2999
3116 3169 3250 2990
3117 3153 3348 3094
3118 3136 2196
3119
3120 3176 3212
3121
3122
3123 3304 3280 1426 996 3157 3336 2970
3124 2 3357
3125 3177 3316
3126 1433 3227 3273
3127 2968 2197 3256
3128
3129 3362 3164
3130 3212 1612
3131 3307 3148 3183
3132 3178 3094 3487
3133 1640 3212 3332
3134 3361 3364
3135
3136 3194 3487
3137
3138 3832 3361 3173 421 166 1640 3195
3139 1640 3364
3140 2144 3245
3141
3142 3841 2181 3327
3143 3202 383
3144 1530 3365 1599
3145 3352 1507 3220
3146 2392 3346 3179
3147 3115 3196
3148
3149 3312 3228
3150 1612 367 1599
3151 3217 3275 3251
3152 3161 3340 3486
3153 3128 3472
3154
3155
3156 3833 3476 1606
3157 3243 996 3333
3158 3360 3268 3264
3159 3264 3284
3160
3161 3483 1436
3162 3361 3333 3222
3163 3474 3283 3254
3164 3312 3344 3058
3165 3177 3850 3203
3166 3276 3950
3167 3298 3851 3341
3168
3169 1298 3259 3126
3170 3224 3226 3183
3171 3203 1612 3311
3172 3160 2392 1510
3173 2144 3333
3174
3175 3948 13 1612
3176
3177 2144 2196 3308
3178 3347 3292 3229
3179 3194 3218
3180
3181 3065 3850 3305
3182 3296 3257 3341
3183 3168 3281 3474
3184 3329 3482
3185
3186 3950 3851 3278
3187 3482 13 3279
3188 3283 3317 3318
3189 1472 3483 367
3190 3353 2209
3191
3192 2 3845 1622
3193 3210 3315 3252
3194 3353 3293 1622
3195 3329 3331 167
3196 3329 1530 3222
3197 3260 3470
3198
3199 3839 1436 3327
3200 3265 996 3238
3201 3226 3346 3332
3202 3259 3340 3246
3203 3832 996 3215
3204 3291 3261 3198
3205 1298 3351
3206
3207 3257 3058 3340
3208 3206 3187 1510
3209 3336 3850 3215
3210 3488 66 3279
3211 3481 3261 3215
3212 3336 1424
3213 3304 3324 13
3214 3840 1473 66
3215 3836 1612 3279
3216 1472 1433 2999
3217 3281 3318
3218
3219 3315 1612
3220
3221 3330 3839 3480 3290 3224 2990 3247
3222 1434 3253
3223 2139 3307
3224
3225 3224 3341 3830
3226 13 3341
3227 3337 3167 3175
3228 3337 3292 3263
3229 3849 3475 1429
3230 3834 166
3231
3232 1507 3348
3233
3234 3841 3202 1508 3333 3833 1594 3246
3235 1434 3251
3236 3338 3220
3237 3299 3309
3238
3239 3254 3479
3240 3346 3835 3042
3241 3264 3269 3471
3242 3480 3481 3244
3243 3833 3316
3244
3245 66 3270 383
3246 3832 3845 3295
3247 3833 383 3335
3248 3187 3245
3249 1508 3261 2990
3250
3251 9 3282 3333
3252 3849 3214 3343
3253 3292 3295
3254
3255 3344 420 3276
3256 3297 3226 3301
3257 1608 3329 3282
3258 3300 3254 3271
3259 3835 3316
3260 3833 13 166
3261 3841 1612 383
3262 1472 3948 421
3263 3830 3478 3294
3264
3265 3472 3268 3199
3266 3273 3274 3833 3473
3267 3266 166 3482
3268 3832 3323 3199
3269 3300 3474 1604
3270
3271
3272 3470 3302 3299
3273 1426 3284 2990
3274 3297 3215
3275 1426 3835 3167
3276 3320 3275 1599
3277 3833 1433 3001
3278
3279 3312 2968 1622
3280 1594 3851 13
3281 3341 3478
3282
3283 3324 3294 3327
3284 3304 1473 3328
3285 3288 3294
3286 3288 3845 3264
3287 1608 3312 3319
3288
3289 729 3298 1605
3290 3843 3283 3319
3291 2392 421
3292
3293
3294 3321 3317 383
3295 3472 1306 3
3296 3836 167
3297 166 3319
3298 3297 3950
3299
3300 3305 420 421
3301 3008 3299 383
3302 3314 13 3175
3303 9 1604
3304 3320 3842 3950
3305 3297 66 3838
3306 3841 420 1604
3307
3308 3840 1425 1436
3309 1472 3835 3837
3310 3318 1622
3311
3312 3320 3321 66
3313 3264 1612 3844
3314 3301 3839
3315 3842 1507
3316 3008 3949
3317 729 3844
3318 3949 367
3319 3 421 3830
3320 3832 1507 1604 3319
3321 3320 1612
3322 3842 3318 3175
3323 3297 3843 167
3324 1473 3298 66
3325 3307 3213 3175
3326 3312 2 3301
3327 1426 1605 167 1612 3261 367
3328
3329
3330 3264 1425 3300 1608 1612
3331 3325 421 3477 3832 9 13
3332 3298 3326
3333 1298 3299 3300 3477 1622 3213 3326
3334 3264 3314 3294 2999 3949 3838 3839
3335 3313 420 421 1594 367
3336 3331 3283 421 2999 3837 3306 3293
3337 2 3306 1436 3838 2143
3338
3339
3340
3341
3342
3343 3300 3305 13 3278 3483 1594 3835 3839
3344 3843 3306 3214 3279 1424 3313 3477 1433 3292
3345 3832 3482
3346 2 3213
3347 3268 3838
3348 3308 729 3330 3276
3349 3058 420
3350 3288 3058 3835 1508
3351 3214 367
3352 3296 3265 3229 3319
3353 3475 3833 2999 3305 2266
3354 3481 3225 3949 167
3355 3329 66 3303
3356
3357 3353 996 3204 3215
3358 3250 3338 3347 3311
3359 3218 3485
3360 3489 3315 3222 3199
3361 3336 3228 3197 3486
3362 3488 2209 3840 1426 3261
3363 3249 3202 3204 3353 3306 3342
3364 3360 3207 3209 3242 3339 3263
3365 3265 3844 3205 3286 3303 3486
3366 3256 1306 3309 2182
3367 3184 3222 3149 3310
3368 3186 3366 3142 3320 3367
3369 3364 3173 3480 3131 3231
3370 3188 1599 3215
3371 3473 420 3300
3372 3844 3337 3306 3850 3069 3071
3373 3248 3329 3235 3275 1599 367
3374 3361 3156 3141 2012 3851 1612
3375 3264 3140 1606 3222 3166
3376 3481 3186 3083
3377 1608 3233 3354
3378 3282 3138 3477
3379 3308 3479
3380 3226 3948 3157
3381 3488 3257 3107
3382 3058 3203 3479
3383 3122 3135 3111
3384
3385 3309 3203 3069 3205
3386 2182 3471
3387 3126 3143
3388 2748 2732 3191 3103
3389 2400 1425 2298 729 1433
3390 3155 3086 3480 3177 3326 3039
3391 3056 3219 3100 2014
3392 2409 2698 3391
3393
3394 2416 3189 3125 3016
3395 3304 3226 1987 2741
3396 3208 2751
3397 3370 3260
3398 2385 3156 2646 3081 3262 3295
3399 3032 2427
3400 3920 3233
3401
3402 1984 2403 420 1846 3207 1560
3403 2425 3185
3404 3156 1846
3405 1969 3363 3095 3306 1821 2686
3406 2369 383
3407 3171 2693
3408 1555 3942 2359 1623 2974 2399
3409 3144 1567
3410 2355 2701
3411
3412 3921 1747 3166 2363 3036 2350
3413 3385 3234
3414 1837 2678
3415 2658 2435 1778 3382 2602 1563
3416 2650 2018
3417 1601 1500
3418
3419 2979 1510 1575 2697 1836 1838
3420 3331 3230
3421 2356 1798
3422 2688 2738 1863 3196 3917 3006
3423 2632 2688
3424 2761 1524 2741
3425 2424 3410 2666
3426 1480 2978 1592
3427 3929 3185 3484 3142
3428 1441 2346 2635 1727
3429 2912 2333
3430 1579 3243 2615
3431 2653 1917 2687
3432 1731 1716 1510
3433 1608 1545 1923
3434 1970 1875 1987
3435 3240 1890 2614
3436 2952 1585 2365 2334
3437 1889 2890 3085 2461
3438 1699 1956
3439 3744 1924 3407 2863
3440 3416 2942
3441 3398 2054
3442 3313 2938 1539
3443 1728 2307 3421 2952
3444 2184 3097 3742 2519
3445 2585 2801
3446 2827 1841 3332 1447 4040 2731 2862
3447 3355 2414
3448 2878 2713 2246
3449 3441 3074 1976 2856 2154
3450 3224 1451
3451 2702 2895
3452 2208 3121 1844 2821 2021 3591 3320
3453 2795 1373
3454 3928 2498 3949
3455 2037 3111 2250 1516 2919
3456 3584 2319
3457 3277 2031
3458
3459 2658 2290 1348 1850
3460 3281 2580
3461 3471 3735
3462 1665 2419 2086 1415
3463 3736 3699
3464 1945 1330
3465 1546 3718
3466 1440 3138
3467 2082 1388
3468 1673 3643
3469 3640 2994
3470
3471 2392 3339
3472
3473
3474 3250 3836
3475
3476 3473 3482 66 3302
3477
3478 2 3831
3479 2 3302
3480
3481
3482 3331 3317 3846 3849 3278
3483 66 3843 3845 1606 3847 2968 3214
3484 3834 3303
3485 1429 3302
3486 2003 420
3487 1424 1433
3488 3245 3270
3489 3332 3255
3490
3491
3492
3493 2177 499 965 2230 1454
3494 3729 3492
3495 2153 1355
3496 1202 2063
3497 855 983
3498
3499 1633 3727
3500 3376 3586 2148
3501 2321 2306 3430
3502 1376 2969 3941
3503 2901 2046
3504 1889 3578 1726
3505 1400 1468 3605
3506 2801 2721 1909
3507 3330 2989
3508 3738 3086 2239
3509 2321 3420
3510
3511
3512
3513
3514
3515
3516
3517
3518
3519
3520 3393 2499 3014 2950 2664 2474 1450 2450 3507 3574 2391
3521 2090 1790
3522
3523 2300 2878
3524 3942 3038
3525
3526
3527
3528
3529 2345 2543 2384 2351 2415 1647 3481 2908 1821 2654
3530 2233 3511
3531 3577 3732
3532 2297 2444 1382 1471
3533 3147 2955
3534 2576 3318
3535 1628 3566
3536 2400 3426
3537 1696 1734
3538 1563 2957
3539 2398 2439
3540 3179 3165
3541 3650 2147
3542 2049 231
3543 1376 3127
3544
3545 3785 3533 1742
3546 3680 3037 2102
3547
3548
3549 2924 2062
3550
3551 3216 2745 1807
3552 3396 1526 3607
3553 2756 2302
3554
3555 1558
3556
3557 2834
3558
3559
3560
3561 3408 2900 3583
3562 2770 2279
3563
3564
3565 1816 2021
3566 2092 2871
3567 2107 1869
3568 2904 245 3221
3569 2833 2770 3051 3482
3570 2453 2423
3571
3572 2731
3573 2225 1909
3574 2672 1935
3575
3576
3577
3578 1697 1915 1719
3579 3365
3580
3581
3582 1810 2668 2399
3583 3387 2476
3584 1625 2297 2901 1887
3585 2483 2255
3586 2576 3914
3587 3169 3227 3293
3588 3064 1921 3507 3116
3589 1720 2142
3590 2648 2900
3591
3592 2395
3593
3594
3595 3102 3238 3399
3596 2732
3597 1873
3598
3599
3600 3746 2619 2470
3601 3412
3602
3603
3604 1568 2058 2870
3605 1594 1548
3606 2720 2441 3004 3342
3607 2192 2286
3608 1696 3154 2014 3055
3609 1952 2719
3610 3059 421
3611 3153 3946
3612 1523 3230 1695
3613 2784 2284 3167 2127
3614 3056 3941
3615 1893 2583
3616 3595 3343
3617 2754 2586 2086
3618 3449 1315 2004 3100
3619 2611 2654
3620 2944 1846
3621 1448 2018 3743 3272
3622 2263
3623 2936 1724
3624 2965 3023
3625 3243 1636
3626 2857 3026
3627 2426 1374
3628
3629 2168
3630
3631 3421 2854 2631
3632
3633 2244
3634 2171 3138 2747 3837
3635
3636
3637 2829 2981 2439
3638 3194 1444
3639 2048 1661
3640 2200 2977 3042 3170
3641 3921 2183
3642 3013 2869
3643 1561 1532 13 1431
3644 1493 3159
3645 1537 3642
3646
3647
3648
3649 2813 1677 3759
3650 2170 1595 1468
3651 2121 3610
3652
3653 3411
3654
3655 2149
3656 2995 1582
3657 3520 2951
3658 2344 3081 1963 1495
3659
3660 3767
3661
3662
3663 3440 3586 2219
3664 2481 1958
3665 2321 1852
3666 3183 3596 3517 2463
3667 2235 3613
3668 3660 1820
3669 1830 2657 3531 3446
3670 1905 2005
3671 2577 2491
3672 1728 3609 3750 2815
3673 1400
3674 3038 2119
3675 3682
3676
3677 2918
3678
3679 3433
3680
3681
3682
3683 1498 2782 3311
3684 2489 3108
3685 3658 2046
3686 1658 3830
3687 2350 3572 2438 3231
3688 3272 2550
3689 3088 3714
3690 1977 1931 2277 1502
3691 1361 2053
3692 3104 2973
3693
3694 3032
3695
3696
3697 1423
3698
3699
3700
3701 2176 2548 2960
3702 1912 3654
3703 2729 1636
3704 1552 2163
3705 2600 2122 2868 3518
3706 3131 2291
3707 3443 3308
3708 1816 1691 1828 1838
3709 2577 2858
3710 1395 3582
3711
3712 3723 2620
3713 3720 3060 2446
3714 3728 2130 1837
3715 3348 3653 3030
3716 1465 3293
3717 3681 3138 2209
3718 3523 3509 3830
3719
3720
3721 3233 1636
3722 3419 2244
3723 1481 2837
3724 3369 3914 1574
3725 2434 3291
3726 2440 1593 2432
3727 2605 2565
3728 2057 2826 3483
3729 2506 1926
3730
3731 3351
3732 1720 3358
3733 2199 2119
3734
3735 1491
3736
3737 2249 1658
3738 1298 1517
3739
3740
3741
3742
3743
3744
3745
3746
3747
3748
3749
3750 3104 3937 2498 2789 3304 1545 2473 2893 3725 2069 1527 2204 3743
3751 3220 1736 3305 2623 2719
3752 3443
3753
3754
3755 2557 3233 2916 1413 2424 3112 2354 1973 2712 3193 2845 3198 1663
3756 2277 3849 2586 2906 2766
3757
3758 2320 2043
3759 2228 3711 2462 2388
3760 2171 2055
3761 1611 2589
3762 2328 2040 1981 2039
3763 3745 2350
3764 3386 1503
3765 3739
3766 3425 2465 2182 2863
3767 3062 2638
3768 2707 2804
3769 1403 2198
3770 2960 2538 2035 3559
3771 2848 2389
3772 1576 1575 1549 1717
3773 2085
3774 1799 1455
3775 2624 1816
3776 3834 3162
3777 2051 2573
3778 2290 3525
3779 2925 1445
3780 1688 1645
3781 2256 3276
3782 3684 1781
3783 3534 1350
3784 3656 2943
3785
3786 2835
3787
3788
3789 1600 2057
3790 2504 2102
3791 3339 2700
3792 2336 1877
3793 3616 2257 3667 1733
3794 3562 3533
3795
3796 1459 2239
3797 1794 2579 2644
3798
3799
3800 2176 3585 3772
3801
3802 1133 2534
3803
3804 1907 1155
3805
3806
3807 3649 2314 1467 1468
3808 3472 2611 2294 3901 2174 1631
3809
3810
3811 1026 2532 1194 1898 1197 1203 2036 2233 2654
3812
3813
3814
3815 1593 2343
3816
3817
3818
3819
3820 3520 1347 1315 3333 2633 2571 395 3470 1712 2866 729 2485 1621 3033 2910 1310
3821
3822
3823 2755 2524 3678 3127
3824
3825 3666 2998 3638 2587 2294 3275
3826
3827
3828 1730 2691 3429 3737 3899
3829 1346 3267 2829 2639 2132 2389 534 3226 1755 2907 3807 1633 1185 2410 1259 3436 2476 2799 3698 1586 2103 1976 3897 2238 2237 2110
3830
3831 3849 3309 3477
3832
3833
3834 3325
3835
3836 1436 3843 3308 3837
3837
3838 1612 3837 3830 167
3839 1424 1473
3840 1425 3319
3841 3260 1508
3842
3843 3950
3844
3845 3949
3846 3008 1473 3 3260
3847 3832 3315
3848 3840 1426
3849 3844 3839
3850 420 1606
3851 3846 367
3852 3299 3318
3853
3854
3855
3856 947 958 3791
3857
3858 1504 1746 186
3859 1042 2253 3663
3860 1024 2856 1158
3861 770 588 3918
3862 163 3831
3863 435 967
3864
3865 744 265 2522 3365
3866 3468
3867 1130 3814
3868 2540 2493
3869 1300
3870 1081 379 3132 895
3871 3864 343
3872 3018 1094
3873 2066 835
3874
3875
3876 1968 922 3261
3877 2528 1738 1147
3878 1368 1193 1551
3879 1123 1101 1783
3880 3331 3540 926
3881 1369 2579 1676
3882 211 1645 2095
3883 880 1283 3813
3884 2056 2563 918 223
3885 3553 970 1292 2837
3886 3490 1413
3887 3872 4067
3888 1242 530
3889
3890
3891
3892 1433 1366
3893 3443 364 2838
3894 3081
3895
3896 1639
3897
3898 3092
3899
3900
3901 2938 2195 2183
3902 1764 3765
3903 1331 1327
3904 3753 2610 3694 2399
3905 2816 3518
3906 1210 2458
3907 2721 2879 1545 3263
3908 3766 1271
3909 2795 3531
3910 3809 3676 1782 1814
3911 3647
3912 3313 1084
3913
3914
3915
3916 3320 3300
3917 2394 1307 1772
3918
3919 1990
3920
3921 3153 2693 3310
3922 1840 3402 1573
3923 3180 3190
3924 3403 2711
3925 1627 1575 3067 2383
3926 1842 1813
3927 1577 2421
3928 3152 3050 5 1765
3929 1856
3930 1564 3031
3931
3932
3933
3934 2719 3183
3935 3101 3070 1981
3936
3937 3158
3938 2737 3059 3029
3939 3146 1604
3940 1816 2729
3941 1987 3343
3942 3285 1985 2714 2717
3943 1787 2727
3944 2641 3933
3945 3024 3056 2992 1559
3946 3238
3947 3383 3183
3948
3949 3948 1612 367
3950 1424 367
3951
3952 90 86
3953 4057 860 93
3954
3955 54 718 4022
3956
3957
3958
3959 1136 263
3960
3961 2146 988 446
3962
3963
3964 2745 173 1062
3965 2444 802 148 3805
3966 3888 3210 1688
3967 522 3890 1687
3968 473 843
3969
3970 813 567
3971 129 20 78
3972 122 26 2149 871
3973
3974 285 38 3493
3975 3987 454 62
3976 786 717
3977 57 53
3978
3979 1275 614
3980
3981 1184 331 2111
3982 840 3504 301 198
3983 763 2828 846
3984 232 2794 3885
3985
3986 3939 3980
3987 293 174
3988 65 3387 3829
3989
3990
3991 540 829
3992 626 259 645
3993
3994
3995
3996
3997
3998 1065 3996 405 3495
3999 3508 325 805 3527 2662 909
4000 3803 2108 486
4001 2545 642
4002 850 4102
4003
4004 1057 898 157 3692 445
4005 1256 2265 635 2317
4006 3994 3998 138
4007 2272 3868 2847
4008 3276 4004 542
4009 224 273 905 3965 702
4010 3431 647
4011 118 2207
4012 302 175
4013 208 1319
4014 84 375 474 45 2686
4015 274 101
4016
4017
4018 1040 146
4019 907 269 663
4020 3984 809 3459 1823
4021 848 22 71
4022 3977 4027 4028
4023 4092 476 284
4024
4025 696 881
4026 4016 662
4027 4104 74
4028 2260 1364 4095
4029 132 4044 100
4030 1404 4060 126 815
4031 4019 477
4032 8 10 4023
4033 260 133 4029
4034 125 1515 3956 4045
4035 264 14
4036 33 50
4037
4038 2637 3261
4039
4040 3336 2753 3046
4041 2345 1666
4042 2442 1863
4043
4044 3976 689 130
4045 162 643 1455
4046
4047
4048 32 3974 695
4049 218 1571 247
4050
4051
4052
4053
4054 594 261 40 41 728
4055 88 120
4056 11 4031
4057 112 726
4058 3953 92
4059 817 227 548
4060 681 2469 399
4061 268 892 2221
4062 1554 115 693
4063
4064
4065 296 3814 942
4066 665 1497
4067 4000 4072 4078
4068 164 237 158
4069 339 3871
4070 160 3713 1487
4071 1185 283 2569
4072
4073
4074
4075 1480 3181 1127
4076 3608 1690 3542 3854
4077 1201 794 734
4078 1282 3684 2150
4079
4080 1450 1363 2700
4081 592 1714
4082 951 3415 2935
4083 3577 686 545
4084
4085
4086 424 569 1634
4087 1248 1097
4088 1081 215
4089 1949 814
4090
4091 249 1142
4092 113 2162 3380 997 4053 533 1582
4093 2892 3526
4094 2673 4003
4095 1281 1333
4096 3912 991
4097 1789 1094
4098 3921 77
4099 795 307 389
4100
4101 1159 239 277 143
4102 760 766 4087
4103 440 788
4104 24 4039
