#
# GMT Mon Jun 17 18:24:21 2019
# 
0
1
2
3
4
5
6 4009 747 12 828
7 83 532
8 33 4010
9
10 473 903
11 882 364 662
12 3977 4059 60 31
13
14 4056 4034 4032
15 88 4035 144
16 32 93 39
17 124 244
18
19
20 516 4093 3535
21
22 673 465 75 3537
23 667 3565
24 298 259
25 600 461
26 2163 302 703
27 3961 268 2205 806
28 657 115 295
29 2193 253 23
30 1859 571 3277
31 4019 956 1223
32 80 43 228
33 547 3690 699 101
34 2521 3955
35 58 4044 85
36
37 1401 727
38 1777 2876
39 4002 725 726
40 696 1579 804 270
41
42
43 969 4026 37
44 672 4012 102
45 104 121 221
46
47
48
49
50 1040 724 61 3966 63
51 472 113 2218
52
53 688 114 30
54 100 269 622
55 1195 1622 1267
56 142 3011 1483
57 3633 2715 838
58
59 2320 550 255
60 3856 107 28
61 612 150
62
63 3978 1635 3421
64 4064 4005
65 2103 1019 3994 955 541
66
67 1237 1003 773
68 65 18 454
69 2784 2762 4099 271
70 938 1131 3871
71 3888 184 1224
72 3996 2484 900 415
73 420 686 277 462
74 340 694 663 1194 4011 3981 4062
75 3864 466 2115
76 202 572
77 2912 4024 4007 329 457 811 3577
78 161 273 1011 103 669
79 152 67 4043 127
80 50 4 297 79 3727
81
82
83 51 904 22 72 78
84 18 29 54 59 45 719
85 3553 476
86 89 531
87
88 3170 645 40 11 4014
89 986 35 475
90 4013 1063
91 723 4030
92 4022 6
93 987 892
94 3953 91
95 15 16 17 3952 86 4057 4058 92
96 94 95
97 96 2754
98
99 120 3928 651 262
100 3968 4054
101
102
103
104 4085 852 805 143
105 4072 3959
106 3985 4092 2693
107 560 122 677
108 1084 543
109 385 646
110
111 62 647
112 989
113 1577 587 3814 239
114 1226 279
115 1024 433 1253
116 288 1278 455
117 1528 261
118 624 293
119 25
120 1440 721 908 1276
121 4075 3967
122
123 1128 257 954 2668
124 513 3983
125 342 413 238
126 4017 282 414
127 108 1375 2908
128
129
130 26 850 557 2063
131 309 76 149
132 4025 3497 4020 4102
133 3299 125
134 962 53
135
136 3872 1162 1694 990
137 448 883
138
139
140 3718 3423
141
142
143 3873 851 3828 3526
144 128 3718 3591 3753 3914 314 3997
145
146 3592 351
147 1208 607 831
148 720 3665 859 3739
149 3858 2013
150 2820 156 1109
151 4077 118
152 668 119
153 3667 1699
154
155
156
157 2936 210 1468 911
158 970 198
159 3817 3185 223
160 730 2150 3550
161 1803 2125
162
163
164 602 443 1211 2693
165
166
167 3320
168
169 1936 1993 3824 2160
170 2497 1108
171 2107 781 3863
172 289 2019 1038
173 1569 2474 3705 1055
174 3556 2270
175 1891 187 3063
176 3608 745 564
177
178
179
180 1849 1134 2851 1326
181
182 1338 2716 2298 3750
183
184
185
186 1538 2259 3782 1583
187 1337 1689 1996 2590 1119
188 2214 1030 3560 1672 2439 2630 790 2200 1918
189 738 1517 582 3466
190
191 2802 3283 1101
192
193 3714 1575 344 1033 3806
194
195 1979 521 399 2960 1043 212 629 630 1304 921 3899 1116
196 384 712 170 1963 1707 2925 3694 3247 3835 1279
197
198 1180 2828 1231
199
200
201 1156 1397 1383 3896 925
202 272 407 290 355 1941 246 871 1290 3564
203 1836 2510
204 4076 1007
205 537 853
206
207 360 265 2306 2517
208 1865 1225
209 1378 3317 1967
210 3880 3769 3782
211 2856 508
212
213 3641 3644 591 3855
214 3904 2202
215 2280 1250 396
216 1153 4082 2079
217 3576 1245
218 961 210 324 3462 3303 2265 973
219 208 2938 174
220
221
222 265 741 1462 2733
223 608 2337
224 1984 181 3494
225 593 3716 3493
226 236 758
227 2789 1237 766 2833
228 2902 857 3814
229
230 3337 2627 2583
231 2461 3015
232 1636 596
233 168 3657 3805
234
235 3200 3280 2755 3413 2329
236 1408 1389
237 2680 2769 835
238 3029 861
239
240 762 220 2877
241 1009 743
242 2731 527 1935
243 3962 764
244 849 715 836 229
245
246 1285 829
247 976 3538 1515 3566
248 3810 796
249 752 613 3520
250 1352 536 923
251
252 774 3111
253 393 1381
254
255 2583 1215
256 1435 397
257 3602 876 3797 3631
258 552 927
259 594 2706 807 776 172 3709
260 1168 1300 3886
261 194 274 431
262 4051 2445
263
264 112 692 2269
265
266 1329 1111
267 3656 2217
268 2513 2098 1557
269 123 284 3884 4047
270 2121 1147 3693
271 3688 3705
272 296 3435 2924
273 3860 1151
274 352 854 1895
275 985 2186 1273
276 177 1899 1319
277 3528 489 3986
278
279 1297 2133 569
280 2002 578 493
281 539 252 1171
282 4003 2708
283 968 450 70
284 3707 4004 117 982
285 3352 1123
286 3921 3876
287 1290 3007
288 3609 1878 1919
289 893 3893 943
290 2302 757 1342
291 938 540 446
292
293 965 3432 837
294 3865 845 599 319
295 2451 3079
296 1465 2263
297 1901 382 623
298
299 81 2073 1100
300 3658 709 783
301 1610 1252 1750
302 2464 2188 3661 374
303 4081 3036
304 2650 2523
305 3034 1710 1879
306
307 816 3990 847
308 616 3802 250
309 3034 138 453 182
310 258 3957
311 2128 3609 3780
312 2256 323 2710
313 1985 1229 638
314
315 1133 1126 551
316 3334 3958 935
317 880 1115 1885
318 1176 299 605 750
319 2834 3092
320 2443 2727
321 1242 1114 509
322
323 872 1708 311
324 3897 2594 2421
325 1193 3403 214
326 744 1418 1595 438
327 1706 610
328 1521 2746 1014
329 2809 164 542
330 1241 2891 2505
331 2558 3469 606
332
333 2274 3443 478 199
334 528 869
335
336 522 2835 3942
337 1522 2486 1230
338 1321 1258 2217
339 820 3365 2175
340 2162 1053 2438
341 632 1700 1388 958
342 3680 690
343
344
345
346
347
348 2857 1346
349 3699 1783
350 2242 3670
351
352 2849 2079
353
354
355 1736 1183
356 1217 1218 764 559
357 3381 3031
358
359
360
361 3512 4038
362 3177 2426 1379
363 186 1150 3455
364 1064 3364
365 1113 2210 3513
366
367
368 3664 1706 2822
369 1480 2206 2542
370 3769 3706 1020 1719
371 3336 1701 1029 1205
372 3600 1584
373 2305 1195 3510
374 320 2236 2550
375 1184 729 2858 2586
376 1035 3804 2491 3822
377 2579 197 3854 3191
378 2524 3660 869
379 3366 3557 3798 2695
380 416 3099 997 3803
381 3185 1146 1068 2734
382
383
384
385
386 2754 1529 2714
387
388
389
390
391 1676 2548
392
393 1912 925
394 3206 359 1320 1072 2483 3704 763 3036 2557 575
395
396 3665 1379 1422
397
398 2665 2697
399 3066 2803 1919
400 1129 2537
401
402 939 1652
403 1056 1505 517 1225 139 140 433 3793 2134 2648 2713 511
404
405 736 785
406 1059 1062 1255 3654 1512 2790 3060 2902 1049 922 2716 3583
407 1200 1969 1235 2078 3710
408 2088 2957 2702 2495
409 1400 937 2266 3668
410 705 2761 597
411 2832 193 1026 371 2870 2311 521 3854
412 1741 3297 2500 349
413 689 1210 1900 3398
414
415 3538 1251 2100 2034 1692 508 1022
416
417
418 896 1906 1598 1302
419 3256 3905 2827 1183
420
421 420
422 1420 1565 3302
423 1029 420 2597 2214
424 3514 2681 1034 2882
425 3695 3156 422 3551
426 1432 3371 1764 2253
427 1440 1476 3124 2766
428 2015 1548 2596 2871
429 2449 2658 2108 1071
430 1032 1148 2086 1055
431
432
433 3921 3443
434 2211 3524 3621 3615 749 2815 1236 2676 375 1311
435
436 2625 3354
437 3942 1707 3806 1774 590 402 3924 917 2646 2808 2589 3582
438
439 1282 3812
440 2272 1472 3554 2884 3013 939 2542 2095 2419 1588 3541 1174
441 1282 499 804 1334 200
442 3209 3723 2845 519
443 377 2810 1588 2597
444 2910 188 3502
445 2144 353 337 562 2784 3811 3624 1723
446 199 2198 3862 1054
447 440 3328 3772 1408
448 641 1249 545 581 316 3388 412
449 1944 3882 3605
450 1761 879 215
451 2721 225 914 843
452 145 3018 451 1130 505 554 4063
453 1008 1122 2254
454 3889 211 884 244 391 2074 2207
455 366 756 286
456 3890 3829 661 2969 1036 3773 1295
457 3881 485 3991
458 3649 4001 643 1492 3125 4006 634
459 841 1139 3140
460 4049 2562 4100 902 3451 702 303
461
462 739 3429 1367 491 158
463 848 1018 3067 1013
464 4050 698 2332 1935
465 992 1323 658 218 746 459 653
466 1640 642 278
467 2081 1039
468
469
470 962 899 3413 348 1294
471 680 336 196 3910
472 512 2120 1517 4094
473 292 326 423 3992 809 300 445
474 1275 237
475 464 154
476 44 3975
477 41 4098
478 1097 3755 1870
479 2579 1278
480 1384 770
481 3826 1756 2445
482 275 2356 2117 631
483
484 3160 1771 2831
485 1291 3613 1270
486 1818 1197 2502
487
488 2616 751
489 480 3370 358
490 2226 1335
491 3464 1228 3645
492
493 3454 1333 2270
494 3315 469
495
496 1104 1057 1533
497 3232 1176 565
498 936 3404
499 3402 2093 2725
500 2498 3903 1391
501
502 3001 2931 3292
503 1186 394
504
505 3729 1847 3327
506 1281 1391 376 1767 1167
507
508 1344 3425
509
510 1392 2183
511 1737 3939 2669 3567
512 1496 2946 3510
513 3120 1393 2703
514 1202 2060 1863
515 2896 1964 1447
516 1705 1274 3461 1655
517 2427 1061 365
518 434 1140 1078 3606 3336 1481
519 2688 2034 2583
520
521 3821 3666 1213
522 1248 1472 3184 518 2585 779 3151
523 1360 595 5 967 2760 1289 958
524 784 592 687
525 833 3409 1300 3269 488 2841 2684
526 3784 3298
527 993 2290 588
528 561 995 2197 1480 379 3148 1325
529 1939 3645 3414 3799
530 3820 788
531 3596 406
532 1085 2070
533 898 1883
534
535
536
537 873 3818 729
538 536 2021 2480
539 4050 3003 1869
540
541 952 584 206
542 1466 2111
543 3538 1140
544 3673 3406
545 826 3085 3790
546 1800 3045 909
547 943 3684 1303
548 778 2851 1069
549 2152 305 2596 1273
550 972 1356
551
552 3825 3429 2367
553
554 553 3507 332 3345
555 3233 338 1715 2437 2950 856 3770
556 874 1971
557 814 1799
558 1010 315
559
560
561
562
563 3480 1096 893 2166
564 3929 3138 2598 3113
565 960 3915 3636 3327
566 3788 2285 1981
567 346 1333 2518
568 2824 2713 2806 2560
569
570
571 2937 1169
572 3938 1412 1092 1508 1924 2415 915 1814 1212 2269
573
574 801 3610
575 2177 2434 2051 3783 1671 3085 1518 3536 2194 2714 3643 3549
576
577 1440 1164
578 2496 1409 1536 387 1551 2068 1973 2582 1948 1854 2239
579 2913 2259 3830 3134 2703
580 1784 1665 3635 52
581 1120 3746 2539 1372
582 468 757 567
583 2512 2178 2210 180 915 2799 1288 1439
584 2438 1269 2934 2743
585 568 1468 403 940
586 2283 2756
587 2451 3756
588
589
590 1912 1913 3758
591
592 2107 1091 1519
593
594 3531 2607 1191
595 2137 3827 1622
596 3096 1394 2479
597 370 1947 3837 2246
598 2140 791
599
600 3748 1629 2445
601 1749 2851 2132 3581
602 1890 3287
603
604 2970 1259 1263
605 1978 1107 2671 1351
606 2044 1654
607
608 3874 963 932 2019
609 1591 501 3911
610 2315 3106 515 3949 3131 3725
611 2458 2990 2942
612 3934 3238 1000 1421 734 46
613 624 178 1770
614 1569 3452 361 3548 396 959
615 2561 2748
616 2578 3830
617 865 3875
618
619
620 3752 3458 1299 3646
621
622
623 3408 1545 1745 1375
624
625 1160 925 3639
626 378 1836 3302
627 2064 499 3373 2990
628 1881 404
629
630 1088 2806 2791
631 1377 2818 1315 2646
632 2203 428
633 2456 1037 1079
634
635 2096 1169 2226 1792 3460 357 1110
636
637 577 1106 932 740 1367 1080 3498
638 793 2979
639 977 1206
640 2825 3527
641 4041 611
642 3722 949
643 1790 1662
644
645 248 1922 231
646 3236 660 310 1207
647 2553 877
648 3931 2580 2269
649 710 846
650 449 266 2661 470
651 328 3883 251
652
653 3693 1118 2463
654 1687 3123 2496 887
655
656 496 242 3810 3475 984 1487
657 195 1070
658 321 234 2158
659 3794 1002 636 772
660 1634 1516 55
661 777 4069
662 203 2975
663 69 471 1209 748 1262
664 106 3987
665
666 1042 1919
667
668 2978 953 458
669
670 2976 429
671
672 844 287
673 1863 3743
674 209 655
675 656 524 3588
676 3097 3979 716
677
678
679
680 2170 2599
681 2920 2155 1127
682
683 2081 479
684 3870 2791
685 948
686
687
688 1135 3151
689 768 3913 3282
690 3904 523
691 3566 1638
692 1051 1834 827 254
693 256 3980
694 2187 2116 2070 4087
695 205
696 48 1087
697 288 817
698 2816 3457
699 1265 3310
700
701
702 49 3412 4089
703 1177 291 3853 334
704
705
706
707 2459 436 535
708 1338 2163
709
710
711 2544 1172 3574 1767 2728 3788 639
712 1074 3743
713 626 1613 2327
714 1961 580 2574
715 753 818 2282
716 146 4053
717 4000 729
718 714 675
719 3892 3902
720
721
722 2155 405 3727
723 3013 417 373 2733
724 137 875
725 840 1173 558
726 74 396 1534
727 897 4084 3134
728 4016 219 109
729
730
731 2842 3532
732
733 2072 1649 1883 563
734 2419 3838 3323
735
736
737 2719 2759
738 3468 486 3676
739
740
741 355 2171 2302
742 2304 1833 3013 2255
743
744
745
746 910 357 998
747
748 2867 948 1188 2823 1130 3467
749
750
751 1312 1189 1958 3816 923 2748 3436
752 2944 2150 2043 2539 1179 1266 2135 1240 1563 1403 2623
753 1182 2271
754
755 3683 1142
756
757
758 912 3723 1524 1928
759 480 2928
760 1344 627
761 2664 2857 1421 3655
762
763 1160 3690 3216 2373
764 2793 386 3644 3345
765 2530 3259 1858
766 3572 1999
767 1905 2003
768 1086
769 2749 3559
770
771 2122
772
773 1997 1863
774 1112 2939 2435 3916
775 2164 1709
776 3057 66 2547 2564 803 1174 2471
777 1154 2106 2844
778 2921 2890 2453 2295
779 1664 1552
780 2138 1557
781 3522 2299
782 3341
783 1098 1611 1294 3903
784 2705 1267 2487
785 1328 1117 1190
786 3040 2243 3280
787 803 1557
788 1224 3395 1268 2911
789 368 3738
790 920 3698
791 280 2459 2543
792
793 441 868
794 496 2185 3268 599 3785 3066 3135
795 1643 1396 1439
796 1520 355
797
798 1484 3932
799
800 2112
801
802 2499 3653 3358 2351
803 1682 3387
804 3795 2971
805
806 64 232 659
807
808 2954 1246
809 317 654
810 2410 157 2767
811 110 812 1285 318
812 281 492 1017
813
814 888 3616 3930
815 3650 755 3300
816
817 617 682 404
818 761 483 878
819 3575 991
820
821
822
823 2241 2755 3523 2335
824 2120 1001 1532 1093
825
826
827 3058 420
828 707 1187 3781 175 207 1498 2904 442 3068 510
829
830 1293 1102
831 1218 546 2245 2440 855 1166 1968 3670 1047 2047 343 3807
832
833 3828 1252
834 3867 3490 2566 777 3148 1357 911 82 601 635 3582 2271
835 1234 690 834 3931 3614
836 425 933 934 439
837 339 3676 589 1119
838 3496 479 263
839 2832 609 2351 1414 3993 410 171 671
840 241 220 3628 1548
841 3511 306 586 711
842
843 760 3545 3090
844 2353 924 821
845 4080 3877 3879
846 3634 1075 693 55
847
848
849 395 55 447
850 4073 2019 222
851 1152 979 3180
852 2315 3007
853
854 1275 941 614
855
856 713 525 3679
857
858 2163 276 2919
859 640 313
860
861 1865 1339 2345
862 3540 2734
863
864 3696 1006
865 548 1348 201 860 1100
866
867
868
869
870 370 802 3610 2442 925
871 2488 1041 2032 964
872 408 2705 3859
873 746 1739 3503
874 481 3868 1037
875 2737 3779 1053
876 1192 522 1220 1464
877 3433 2982 494
878 994 3700 2234 331 2620 1662
879 625 388 1398
880 688 3590 639
881 1201 3697 3106 3634 1509 1301 988
882 592 3869 2807
883 392 1732 957
884 240 946 3459 1062 3447 490 1261
885
886 330 499
887 3408 2258 1254 135 3754 204
888 1336 2852 1342
889 1361 3857 913 3635 679 3915 895
890 163 3501 2894 1135
891 2090 2491 189
892 3762 4086 790
893
894
895 320 1890 2228 372 3519
896 1283 2545 795 780
897 304 3618 1067
898 56 3684 1157
899 1162 691 3492 1771
900 1820 862 2279
901 3872 1305 3325 3998
902 576 4065 213 3815
903 3761 2306 4067 4068 1155 650 3887
904 116 2998 791 890 1247
905 945 901
906 674 260
907 126 4103
908 603 3885
909 2386 2939 2509
910 1769 2729
911 1132 804
912 3440 3500 2325
913 1337 1244 3809 2975
914 1838 1777 1510
915
916 3344 3278
917 1825 2250 3735
918 3608 2153
919 1649 1866 2028
920
921 2051 427 1103
922 3434 1318
923
924 3336 3689 3141
925 2105 1042 387
926 3065 3399
927 1784 3570 1805
928 2160 1233 2889
929
930 178 1188 3501
931 1529 732
932 2528 2709 2447
933 1922 3589 1015 2697 3803
934 1276 2135
935 2700 2229 2862
936 3594 1778 2557
937 1360 1683 2197 1382 1753 2367
938 3456 1961 3500
939 2411 1060 1971
940 2704 1056 1981 2213 3899 3533 2511
941 1056 1105 1875 1396 1270 362
942
943 2105 1738 1493
944 1537 3573 3511 1083 1066 2347 2412
945 2928 3529
946 3786 1347 3813
947 2388 4037 1350 1911 1048 1701 1676
948 3760 1694 3843 2134
949 1651 2094
950 1058 47
951 3460 191
952 155 2477
953
954
955 3489 555 411
956
957
958
959 1818 267 1005
960
961 3472 13 2886
962 4040 2616 1221 430
963 3121 2525 3607
964 1185 1371 1772
965 3625 350
966 1264 426
967
968 2835 2014 951
969 1277
970 794 708
971 930 1735
972 3226
973 2142 3742 526 2287
974 824 1402
975 528 2708
976
977
978 544 3058 437
979 3600 81 3637 1239
980 705 978 999
981 1081 3669 3007
982 2161 1524 3919
983 3713 3037 2559
984 2819 3652 918
985
986
987 169 4074 786 1452
988 2444 3674 2084 341
989 3303 759 3843 975
990 666 549
991 704 1042
992 685 2638
993
994
995 2223 3774 335
996
997 3555 3597 1499
998 2544 2817 3556
999
1000 1296 2312 3539 1553
1001 570 1589
1002
1003
1004 1888 3297 1324 3588
1005 506 3421 1918
1006 1554 3844 1085
1007
1008 3746 916 3694
1009 432 1894 2167 1625 3783 731 1165
1010 3552 2080 503 1546 495
1011 2069 2798
1012 1971 3508
1013 3040 3622
1014
1015
1016
1017 2266 3922 1045
1018 2576 2581 3702
1019 3398 1199
1020
1021
1022 3926 3357 3685 3534
1023 1811 1436 398
1024 3617 3850 2141
1025 2457 2689 3926
1026 1112 1648 3439
1027
1028 769 3715 1829 1031 2110
1029 1137 2578 1316 2264 3641 1435
1030 798 1535
1031 2527 1922 3903
1032 3744 3819 1357 2125 1561 1584 1138 1876 3542 3127 1369 3453
1033 1892 2564 3429 1419 1549 400 1456 2686
1034 2178 3811 2219
1035 2928 1540 3612 2061 2127
1036 3543 165 1189 3848 3636 2933 2135 2584 2522
1037 2650 1518
1038 2846 927
1039 2592 3169
1040
1041 2128 296 2039
1042 3625 1859 1925
1043 2492 1094
1044
1045 2865 1378 2454
1046 2337 1650 1124
1047 2946 2991
1048 1394 3476 2853 1365 1350 2744 2153
1049 2826 2636 574
1050
1051 3634 499 1477
1052 2281 3699 3558
1053 1373 1414
1054 2049 2434 1604 1801
1055 1425 3029 1143
1056 1972 1366 3527
1057 3209 3813 3518 2103
1058
1059
1060 1663 2424 1471 1710 2813 2462 2847
1061 2946 765
1062
1063 3216 578
1064
1065 1872 3809 3433 3599
1066
1067 1417 1850 3619
1068 1688 1076 3669 1910 2903 504 1163 1677
1069 512 1473
1070
1071 1425 2063
1072 1683 3116 2006
1073 2352 1396 2992
1074
1075 1260 142
1076 3692 3254 1023
1077 1200 2897 3623
1078 1027 3092 3822
1079 3482 2780 3022 3756
1080 3755 1332 3044
1081 2015 2004 2455
1082
1083
1084 192 1314 2693 2647 2233 3578 3004
1085 2192 2835 3012 1861 868 2954 2220 3471
1086 2104 2531
1087
1088 1264 1816 571
1089 3386 3499 1158
1090
1091 2453 1271 1532 2941 1822
1092 2145 1698 1028 3734 2166 2940 190 1934
1093 1585 3750 2221 648 2957 3720 3022 2495
1094 929 2230
1095
1096 1760 3177 2313
1097 3648 1675 1157
1098
1099 3536 2086 1591 2376 3082 3627 3774
1100 566 3463
1101
1102 2473 3595 799
1103 3732 3621 1144 1998 3791
1104 2481 3785 3647
1105 3506 2335 2463
1106 1170 3100 3895
1107 3705 1106
1108 1272 2057 2986 1977 1149 3450
1109 1450 2406 1378
1110 500 621
1111 1144 2839
1112
1113
1114 1970 2628 3138
1115 3621 3038
1116 1808 3337
1117
1118 2744 3569 1533
1119
1120 2192 2469
1121 2571 1099
1122 1344 185 2437
1123 1136 2113 1877 2817
1124
1125
1126
1127 2649 2753 2660 3917
1128 1443 2148
1129 2304 1633 1714
1130 1657 3778 1411 3385
1131
1132
1133 2816 3312
1134 3847 3176 2955 1582 3504 1141 1849 2714 2971 1917
1135
1136 2313 1622
1137 2626 2083 2308 1507 2149 1349 3564 3408 1874 3124 2970 798
1138
1139 2012 2021
1140 2631 2985 3691 2129 2418 1425 3156 1363 2841 3737 2491 1791
1141 2294 2295 2918 2812 1486
1142 2640 3681 3117 2149
1143 866 1196 1413 1766
1144 1740 2212 2623
1145 2224 2672 2082 2514 3759 3783 2958 1895
1146 364 3313 2604 3471
1147 3761 1227 387 2499
1148 514 3346 2485
1149 2684 571 3420 3311
1150 52 3558 1655
1151 3570 3823
1152
1153
1154 3653 3388 197 3775
1155
1156
1157 2594 3532
1158 3427 3555 3653 1510 2794 2553 3058 2872 3897 2042
1159
1160 2904 1953
1161 3717 1701 2182 2250 2540 2062 2578 2771 2742 1786 1563 1787
1162
1163 2681 2948
1164 2529 3458 3106 230 2845 3725 3793 3443 2069 2807 3069 1535
1165 1715 3289 1589 3705 1597
1166 3064 2825 1362 1723
1167 3121 3099 166 2215
1168 2866 1203 3469
1169 1025 2309 1998 1625 2506 1805 2222 2927
1170 1016 2333 3766 2991
1171 3913 1707 3093 1358
1172 1153 3364 2189
1173 1660 2873 3452 2448
1174 3315 2581 2670
1175 3513 2836 2461
1176 3808 3442
1177 1331 3501 2294
1178 3105 3303
1179 1449 3339
1180 2268 1572 3349
1181
1182 1420 1766
1183 2616 1500 2247
1184 2912 3796
1185 2208 2960
1186 3776 1930 3046
1187
1188 3073 1090 842
1189 1077 3543
1190 3065 2829 3767
1191
1192 1531 1581 2790
1193 2480 2779 1647
1194 2501 3694
1195 3408 1933 87
1196 3241 3538 1375
1197
1198 3594 1565 2318
1199 2974 2991
1200 2961 2765 2174
1201 3692 3768 2698 3244 1903
1202 3436 1382
1203 2411 2060 3559
1204 1437 1702 3847
1205 3332 2949 3076 2791 2541 2926
1206 1811 1634 3771
1207 3344 2491 2053
1208 801 2339 1364 2292 3430 3515 798
1209 2001 1138 2563 1204 3668 1804 1358
1210 3801 1125 2878
1211 2707 1317 3337 2873 1734 2201 1350
1212 2136 885
1213 3947 867 1443
1214 1585 3318 3678 3947 2925 3518 1791
1215 1617 756 2181 1814
1216 2530 2054 1799 3448 2123 1964 2399
1217 3432 2977 235 3629
1218 2593 1330 771 2132 1349 3302 3943
1219 2273 1084 1165 1743
1220 1121 894
1221 1216 2186
1222 754 3534
1223 1280 947
1224
1225
1226 1021 2262
1227
1228 3064 3153 2602
1229 1824 764 3310
1230 2809 3546 1846
1231 1288 1214
1232 4042 3118
1233
1234 3682 3086 919
1235 782
1236 2913 2476
1237 920 1162
1238 2485
1239 2126 2577 2094 583
1240 3074 2087
1241 401 3289
1242
1243
1244 2457 3916 2766
1245 3201 1406
1246 1338 1125 3687
1247 3313 3733 2159
1248 1203 13 1590
1249 1534 1867 1238
1250 1264 369 1060
1251 3352 3906 813 3663
1252 2658 1044
1253 2658 2221
1254
1255
1256 3220 1686
1257
1258 1809 3771 3620
1259 1434 1573 389
1260 2103 2837 3143
1261 3108 1669
1262 2059 2245
1263 2600 2483 772
1264 1161
1265 3378 1612
1266 2611 2061
1267 2976
1268 2656 1697 1972 1327
1269 732 2436
1270 1180 2213
1271
1272
1273 3601 1441 1659
1274 1412 2839
1275 1490 3459 2478
1276 3472 3745 42
1277 3456 348 3438
1278 2896 2755 2968
1279 3110 3566 1087
1280 2297 3571 2644 3949
1281 3257 3037
1282 1052 2981
1283
1284 435 1750
1285 3585 2146 2371 3441
1286
1287 3146 509
1288
1289 3781
1290 3945 3902
1291 3708 3751
1292 1792 2530 3902 3655
1293 179 1699
1294
1295 419 1292
1296
1297 2668 3335 2182 1862 3849 588 942
1298
1299 1096 1322 3640
1300 1547 1601 363 1463
1301 2640 604
1302 1888 2827 2301 1102
1303 2313 1181
1304 3728 3584 870
1305 3907 3003
1306
1307 1622
1308
1309
1310
1311 2098 1851 3149 2966
1312 3355 3031
1313
1314
1315 1648 1777 2863
1316
1317 2732 2572
1318 1482 2130 2334
1319 2128 2118
1320 3291 3686
1321
1322 2278
1323 1400 3633 1890
1324 2883 3741
1325 1374
1326 2560 3410 3603 1317
1327
1328 2307 2523
1329 1306 3526
1330 3156 2895
1331 2922 2868
1332 1811 3617 3730 2331
1333 1945 2493
1334 2738 2451
1335 3538 1452 2278
1336 3777 1916
1337 2962 2494
1338 3770 2852
1339
1340
1341
1342
1343 3731 1486
1344 2937 2594 1405 3591
1345 729 2510
1346 2657 2953 3208
1347 3257 2489 1779
1348 1715 3660 3335
1349 1484 3453 3517
1350 2691 2348 3638
1351 2929 3764 3773
1352
1353 3928 2211
1354 2049 3338 1427 1946
1355 3920 1341
1356
1357 2617 3362 2917
1358 3090 3454
1359 1 2798 1407
1360 1392 2459 2291
1361 2999 2546 3575
1362 1474 2420 3703
1363 1809 3604 3055
1364 2378 1739 1407
1365 2418 1524 166
1366 1457 3052 2173
1367
1368
1369 1915 2251 2893 2246
1370 1595 3174
1371
1372
1373 1864 2786 2662
1374 2199 1793 2567
1375 2344 2264 2007
1376 2745 1724 2222
1377 1369 3659 2467
1378 1826 1467 2612
1379 2972 1852
1380 3196 3486 3255
1381 3177 2606 2407
1382 2675 2147 3052
1383 960 2588 2422
1384
1385 3682 3851
1386 2126 2156 3350
1387 3419 1679
1388
1389 1987 2781 2606
1390 2297 3194
1391 2338 3362 245
1392 3317 2859 3755
1393 2323 1884 1620
1394 3752 1504 3135
1395 1419 2293 1631
1396 1640 2359
1397 1592 1747 3276 2317
1398 3267 1947
1399 2374 2139 2742
1400 3050 2515 2285
1401 2653 3229 3263
1402 1793 3834 3298
1403 2288 3436 1894
1404 2473 1810 1636
1405 1746 1420
1406
1407 1584
1408 2073 2710 2478
1409 2021 1395 2965 3103
1410 2097 1764
1411
1412 1952 2674 2782
1413 2753 3329 2231
1414 2747 3068 2517
1415
1416 2050 2237 2783
1417 2515 2212
1418
1419 2537 3841 1511
1420 2008 2410
1421 3354 3299 1525
1422
1423
1424
1425 3320 3
1426
1427 3008 2346 2644
1428
1429
1430 2165 2414
1431 3043 3317
1432 3033 2796 1727
1433
1434 3316 1622 3846
1435
1436
1437 1617 3485
1438 2330 3380 2005
1439 3217 3849
1440
1441 2139 1599
1442
1443 3216 2330 863
1444 1756 2340 2902 2311 3830 2923 2044
1445 1761 1981
1446 1516 1645
1447
1448
1449 2026 1751
1450 3058 1515 2669
1451 2650 2949 1790
1452 2850 1558
1453
1454 1562 2139 3388
1455 3097 3225
1456
1457 3314 2362 3277
1458 3424 2002 3026 2886 3096 3228 3325
1459 2432 2587
1460 2586 1787
1461 3384 2736 3031
1462
1463 1688 3137 3095
1464 2330 2219 1797
1465 3192 2372
1466 3152 3316 3246
1467 3089 2914 2019
1468 1594 2995 3470
1469
1470
1471 2776 3916 1709 2950
1472
1473
1474 3360 1963 1556
1475 2961 3324 1481
1476 2752 1780 2023
1477 2593 1644 2925
1478 2778 3399
1479
1480 3848 2939 1820 3069
1481 3376 2409 3085
1482 1857 1546 2622
1483 1816 2389 2375
1484 2762 1594 1973
1485
1486
1487 1608 2993 5 2654
1488 2624 3946 1588
1489 1584 3082 3342
1490 2640 2408 1430
1491 2144 1538 1858
1492 1835 1519
1493
1494 2632 3307 1542 3351
1495 2144 2401 3486
1496 3034 2403 1436
1497 3304 1618 1854
1498 2371 1564 1742
1499
1500 3216 3268
1501
1502
1503 2672 3233 3122 2739 2420 3066 2030
1504 1840 3051
1505 1616 3414
1506
1507
1508 1426 420
1509 2405 3014 1566
1510
1511 3299 3270
1512 1962 3235 2439
1513 2736 2994 3301
1514 2688 2985 3481
1515 1618 2742
1516
1517 102 2702
1518
1519
1520 3281 3284 1573 3141 3208 2762 3068
1521 3290 3357
1522 3108 1742
1523 3238 2694 3367
1524
1525 2384 1495
1526 3160 3935 3087
1527 2650 1826 2655
1528 3007 2682 2359
1529 1371 1950
1530
1531
1532 1617 2013 3231
1533 2993 2627 3309
1534 2745 1602 2985
1535 3162 3916
1536
1537 3050 2004 3238
1538
1539 3217 3367 2351
1540 3944 1980 2710
1541 1771 3341
1542
1543
1544 3942 2005 2678
1545 3225 1610 1794
1546 2384 1729 1989
1547 3313 1994 2691
1548 2379 2763
1549 1560 3177 2717
1550 1616 729 3349
1551 3264 3923 2143
1552
1553 3128 1830
1554
1555 3473 3138 2404 1623 3000 1834 1820
1556 1553 3110
1557 2769 1998
1558
1559 1608 2395 3095
1560 2731 2742
1561 2695 3196 1372
1562 2689 2397 3894
1563 1587 3356 3278
1564 3256 3148
1565
1566 3056 1582
1567
1568 1586 3006 3350 3144 2698 3483 2430
1569 2684 3046
1570 2030 1550
1571
1572 3488 3273 3207
1573 2321 3942
1574 3292 3101 1823
1575 3016 1507 2759
1576 1592 3942 3214
1577 2970 1820
1578
1579
1580 3392 3 3227
1581 3369 3403 1749
1582 3385 3090 2739
1583 3314 2196
1584
1585 3244 3277 2391
1586
1587 1817 3233 3044
1588 1790 1622 3023
1589 1768 1821 3326
1590 1810 1982
1591 1824 3363 2365
1592 2728 3161 3190
1593 3104 1587 2365
1594
1595
1596 9 3283 2703
1597 3188 1814 2391
1598 3232 3282
1599
1600
1601 2730 3011 1828
1602 3074 3099 3142
1603 2690 1615
1604
1605 3264 167 3175
1606 3320 729
1607
1608 729 1426 1604
1609 2021 3142
1610 3938 3035 3196
1611 1832 3372
1612
1613 3224 3300 3239
1614 3216 3289 3098 3134
1615 3188 3263
1616 3100 3111 2319
1617 3173 3030 1943
1618 3345 3349 3246
1619 3170 3235 2707
1620 1716 1781 3364
1621 2322 2726 1768 3225 1595 3181 3151
1622
1623
1624
1625 3137 3219 2421 3228 3326
1626 3361 3207 3348 3350 1819 2684 1598 3263
1627 2024 1989
1628 2712 2714 3354 3942
1629 3072 2981 3273 1502 2319
1630 3051 3301 1815
1631
1632
1633 3280 2721 2628 3262
1634 2728 3138 2021 2717
1635 3395 3111
1636 2968 3096 1612 1853
1637 3060 3000 3199 3485 1791
1638 3354 3412 2028 1578
1639 1760 1597 3190
1640
1641 1785 2267 2017 1791
1642 3169 2675 1836 2774
1643 2032 2003
1644 2986 3850
1645
1646 678 3130 2139 2748 1787 1983
1647 1595 1495
1648 2442 3315
1649
1650 1634 2380
1651 2707 2677 2725 1595 3373 3374
1652 2027 3261
1653 3262 2734
1654
1655 3200 2392 3267 3941 1816 1822
1656 1531 2653
1657 2987 2364
1658 3 1765
1659 3424 2354 2997 2394 3151 1535
1660 2873 1756
1661
1662 1534 3028 3038
1663 3188 3294
1664 2999 1519
1665 1642 1298 2893
1666
1667 3216 1498 2575 1975
1668 2022 3128 3251 1734
1669 1458 2611
1670
1671 2201 2907 2725 3407
1672 2330 1862
1673 1618 3397
1674
1675
1676 2038 2545 1429 1990
1677 3301 2382
1678 3254 1566
1679
1680
1681 2242 1933
1682 1648 1523 2398 3711
1683 1609 2455
1684 2176 1990
1685 1603 1483
1686 1873 1705 1780
1687 1996 2949 2534
1688
1689 3482 2652
1690
1691 2912 1569 3352 3917 2940 3308 2925
1692 2746 1611
1693 1692 3060
1694
1695 2880 3163 3239
1696 3835 1861 3237
1697 2002 2677
1698
1699 3000 2937
1700
1701 2880 3378 2355 3476 1481 2988 1695
1702 2409 2415
1703 1 1983
1704
1705 1600 3936 3168
1706 1619 2595 2750
1707 1867 2667
1708 3197 2973 1461
1709
1710 1968 3012 3349 2390
1711 2626 3132 3287
1712 3161 2402 1526
1713 2041 2371 1574
1714 2768 2651 1974
1715 1907 3325
1716
1717 2433 3475 1716 2637
1718 3233 3373 2406
1719 1499 2702 3175
1720 2648 3233 3392
1721 3274 2717 3175
1722
1723 2977 2357 2382 3351
1724 1590 1838 2758
1725 1604 2613 2143
1726 3165 2366 2767
1727 3920 2633 3310
1728 1584 2719
1729
1730 3289 2759 2645 3383
1731 3318 3852 3246
1732 3322 3165 2701
1733 2712 2640 1573
1734 2425 1789 1630
1735
1736 2722 3022
1737
1738
1739 1764 2405 2742 3845 1592 2267 3148
1740 2016 2362
1741 1742 3230
1742
1743 3208 1594 2765
1744 3153 2361 3329
1745 2602 2661 2741
1746 2696 3124 2992
1747 2730 1972
1748
1749 3011 3044
1750
1751
1752 1425 1602 1461 3109 2743 1609 2767
1753 3936 3106
1754 2705 3028
1755 2754 3225 3122
1756
1757 9 3292
1758 3834 3172 245
1759 3114 1749 3206
1760 1832 2393 3479
1761 3850 3207
1762
1763 3154 3484 3834
1764 2643 3061 3205
1765 3138 3060 2766
1766 3232 2267
1767 3381 3206 3846
1768
1769 2393 3212 3215
1770 3169 3242 3007
1771 1572 3367
1772
1773 3239 3851 3335
1774 3297 1838 3342
1775 3248 3390 2414
1776 3162 1797 1495
1777 3101 3007
1778 3118 3086 3359
1779 3288 3084 3215
1780 2690 3115 1789
1781
1782 3336 2728
1783
1784 3073 3107 3334 1431 3480 3257 1612
1785 1601 3063
1786 3171 3029
1787
1788 3161 3178 3279
1789 3032 1837 2687
1790 3154 3220 3150
1791 1473 1530 2692
1792 2395 3182
1793
1794 2713 3133
1795
1796 3300 3221 3255 3849 3019 3150
1797 3180 3239
1798 3196 2663
1799
1800 3216 3297 2970
1801 3354 3172
1802 2376 3349 1813
1803 2299 3020 3055
1804 3841 13 2758
1805 2016 1826
1806
1807 3313 3163 3118
1808 3368 3053 3279
1809 3265 2708 3030
1810 1433 2613
1811 3088 1825 421
1812
1813 1812 2733 3302
1814 3104 1825 1508
1815 3361 3307 3374
1816 3320 2645
1817 3360 3077 3157
1818 3050 3125 3294
1819 3489 2697 3372
1820
1821 3185 3068 3349
1822 1616 3065 3479
1823 1507 2268
1824
1825 1530 3132 2613
1826 3192 1434 3309
1827 2737 3167
1828
1829 2400 1508
1830 3304 3001 3256
1831 3123 3484
1832 3224 2708 3239
1833 3386 3203 3198
1834 3225 3118 2729 3082 3357 9 3247
1835
1836
1837 3168 1426 3223 2268 3247
1838 3042 2403 3075 3109 3045 3144 3324 383
1839 2394 3239
1840 3488 2729 3366 2728
1841 3110 3238 3286 3050 1807
1842 2691 3950 2735
1843
1844 1594 1755 2298 1631
1845 2674 1436 2013 3015
1846 3043 3134
1847 3378 1755 3030 3279
1848 1792 2646 3483 2747 3342
1849 3322 1628 1582 2999
1850 2762 1802 2373
1851 3848 1777 3483 3109
1852 1976 1729 1785 3094
1853 1609 2691
1854 1543 3079
1855
1856 3152 2977 1810 2377 3165 3113
1857 2673 3471
1858 3104 2453
1859 3328 1 3378 2402 1500 1759
1860 3352 3246
1861 3040 2364
1862
1863 2721 3299 1610 1929 1626 2767
1864 3842 1773
1865 1580 2678
1866 3363 2424 3129 1499 1740 1567
1867 1945 2414
1868 2601 1812 2630 2143
1869 2744 1944
1870 1504 1782
1871 2610 2039 1999
1872 9 1922 1700 1759
1873 1552 2849 2654 2337
1874 3209 2455
1875 3067 2300 2926 3068
1876 1791 3103
1877 1480 3025
1878
1879 2938 1908 2061 1983
1880 1515 3038
1881 3400 1879
1882
1883 2897 2428 2789 2951
1884 1969 2918
1885 1979 2756
1886
1887 1996 1798
1888
1889 3101 3092 167 3208 2171 3211 2029
1890 3077 1646
1891 3296 1695
1892
1893 1744 2376 1748
1894 2609 1956 2686
1895 3114 1549
1896
1897 1434 2300
1898
1899 3136 1298 1938 3059 1994 3212 1866
1900 2929 1666
1901 2269 3935
1902
1903 4040 1716 3070
1904 2905 1714
1905 2788 2782
1906
1907 3181 2653
1908 2712 2769 1590
1909 1489 2973
1910
1911 3118 3135
1912 1819 2452 1540
1913 1966 1413 1718 1637 1960 1838 2415
1914 2006 1822
1915 2363 1726
1916
1917 3280 2166
1918 3019 3124 1486
1919 1961 1618 3834
1920 3946 2743
1921
1922 1816 1756 1479
1923 2953 2618
1924
1925 3354 3156 1590
1926 1824 1907 3221 678 1958 2166 1931
1927 1587 3388
1928 3114 3834
1929 3073 3387 1799
1930
1931 2344 1651 2447
1932 1544 729 1856
1933 3379 2196
1934 1 1845 3278
1935 3230 2675 2686
1936
1937 3480 3089 2683 2965
1938 3480 1833 3387
1939 1425 3397 3237
1940 1944 3083 1615
1941 1762 3332 3055
1942 2629 1813
1943
1944 3002 2196 3950 3479
1945 3296 3156 2014
1946 3072 3476 3364
1947 2360 3387 3157
1948 2010 3948 1541
1949
1950 3480 1761 2699 3121
1951 3324 3378 1764
1952 1945 3947 245
1953 1636 1957 2975
1954 3298 3003 1506
1955 1990 3047
1956
1957 2714 1602 3165 3050
1958 2736 1770 2996
1959 2369 2646 1822
1960 3041 2382 2359
1961 3487 3285 2639
1962
1963 2427 367
1964
1965
1966 2400 1988 3238 3293 2700 1837 3390
1967 1434 3015
1968 2668 3284
1969
1970 1825 1775 1431
1971 1984 3062 3272
1972 3155 2319
1973 3074 3189 3302
1974 2704 2377 3114
1975 2369 1779
1976 1594 2404
1977
1978 3296 2678
1979
1980
1981 3920 3384 1795 3304 3273 3050 1773
1982 3474 3366
1983 1834 3060
1984 3312 1829 3214
1985 3848 1718 2615
1986
1987 1493 2407 3319
1988 3233 3026
1989 2322 3212 3335
1990 3233 1787 2668
1991 3340 3317 1783
1992 3848 2710
1993
1994 1822 3390 1615
1995 1841 3835 3142
1996 2299 2716 3262
1997 3178 3831
1998 2379 3043 1572
1999
2000 2322 3283 2380
2001 3353 1461 3071
2002 3488 3117
2003
2004
2005 2600 3276 2687
2006 1622 1843 3006
2007 3072 2651
2008
2009 3360 3080 3188
2010 3224 3089 3390
2011 3293 3831
2012 1424 3116 3366
2013
2014 3274 3245
2015 3203 2396
2016
2017 3478 3115 1510
2018 3147 3070 3055
2019
2020 1473 2410 3012
2021 1801 2757 167
2022
2023 3472 2393 2672
2024 2704 3113 3180
2025 3140 3358
2026 3485 3358
2027 2373 1797 3367 1592 2750
2028 2673 1602 1613 3290 1789
2029 2688 3378 3179 2139 1981
2030 3032 1977 2426 2653 2990
2031 2714 3068 1590
2032 3234 1965 3078 3215
2033 1970 1619 2268 2766
2034 3097 1836
2035 2642 2378
2036
2037 1605 1817 3847 2727 3290 3325
2038 3033 729
2039 2435 5
2040 3091 3940 1959 1815 1726 3263
2041 1729 3226
2042 2009 3349
2043
2044 3165 3229 3111 1960 1996 1949
2045 1584 1508
2046 2432 1975
2047 1666 3090 1959 3113 3946 2767
2048 1609 1764
2049 2035 2022 3215
2050 1721 3002 1571 1476
2051 1658 2147 2602 1789
2052 2997 2662
2053 2002 2724 2733
2054
2055 3032 3426 1901 1645
2056 1864 2609 2221 3121
2057 3048 2862
2058
2059 2400 1873 2632 2607
2060 3176 1769
2061 2449 3286
2062
2063 1767 2275 2036 1791
2064 1726 2775
2065 3837 1693
2066 1574 1703 1544 2202 1754 1930 3119
2067 2234 3918
2068
2069 2681 1681 1671
2070 1730 2932 3252 2438 3052
2071 1692 2599
2072 2914 1735
2073 2656 2900 1430 2474 1708 1453 2735
2074 2858 3930
2075
2076 1448 2075 1909
2077 3010 2374 1945 2666 1434
2078 2520 3120
2079 1659 1435
2080 1641 2091 1785 3593
2081 2170 2470
2082 2347 1533
2083 2570 1554 2821 1926
2084 1914 3109
2085 2489 3182
2086 3395 2742
2087
2088 3338 3134
2089 1481 1789 2534 1775
2090 1428 2870
2091 3918 3147 3142
2092 1872 3113 2778
2093 3258 2067 2037
2094 2064 3362 2268
2095 1474 3379 3173
2096 1554 2566
2097 3371 1835 3076 3711
2098 3347 2293
2099 2330 2556 2927
2100
2101 2596 2429 3237
2102 1941 1446 351
2103 3106 3187
2104 2368 1746 1474
2105
2106 1850 1852 2566
2107 3073 2207
2108
2109
2110
2111
2112
2113 3940 2585 3179 4041 2538 2795 2622
2114 1976 2890 2901
2115 1298 2532 2165
2116
2117 1907 1468 3941
2118 1760 3282 3108
2119 3241 1380 2677 1868
2120 2347 2996 2437
2121
2122 3161 3427 2017
2123 1427 1573 2922 3389 2444 1933 3630
2124 2751 2249 2575
2125 3169 2595 3286
2126 3058 1732 2804 2037 2989 3422 3199
2127 1468 2759
2128 1894 2830
2129 1451 2702
2130 3278 2926
2131 2077 2591
2132 3656 3714 3842 2188
2133 1497 3626
2134 2596 2165 3529 2412 3407
2135 2148 1710
2136 1881 2340
2137 3353 1498
2138 2592 2661
2139
2140 2011 2991
2141 344 2073 3139 1920
2142 3265 3083
2143
2144
2145 1881 354 2996
2146 3291 2364 2999
2147 3384 3241 2423
2148 2800 1713 1598
2149 1656 2249 3413
2150 3080 2854 1751
2151 2534 2735
2152 3752 3914 2509 3751
2153 1685 230
2154 1944 2386 3334
2155 2705 1699
2156 2378 3477 1582
2157 2683 2131 3563
2158
2159 2731 2885 3525
2160 1533 2838
2161 2076 2333 1966
2162 3122 1747
2163 1761 3531 2020
2164
2165
2166 3937 1513
2167 2392 2336
2168 2713 2466
2169
2170 2051 2967
2171
2172 2678 1887
2173 2045 1986 1556 2840 2634 1693 2991
2174 2413 4039
2175 3218 3262
2176
2177 1720 2305 2442
2178 1929 3212 3484
2179 3594 2879
2180
2181 3314 1599
2182 3345 3475
2183 1573 1543
2184
2185 3275 3223
2186 2707 3925 3062 2022 2904 2860 1855
2187 3120 2679
2188 395 2028
2189
2190 2656 1713
2191 2704 3401 1850
2192 2936 2956 2295
2193 2306 3315
2194 2012 3269
2195 1857 1426 1806
2196 3339 1604
2197 996 3261
2198 2777 2529 3302
2199
2200 3005 2334
2201 3089 1659
2202 395 421
2203
2204 3081 1741
2205 2730 2986
2206 1537 2900 2949 2521 2316 2205 3071
2207 3363 2917
2208 2848 1604
2209
2210
2211 1754 3407
2212 1937 2669 2758
2213 2088 2734 3478
2214 3016 1829
2215
2216 1753 3223
2217 2912 2354 2679
2218 1448 2288
2219
2220
2221 2026 3428 3927
2222 2001 3270 3414 1658 3178 1611 1871
2223 2450 1475
2224 2018 3431
2225
2226 3054 1503
2227 2536 3091 2357
2228 2905 2087 2559
2229 2985 1964
2230
2231 2425 2652 3085
2232 2945 3377
2233
2234 2329 2706 1957
2235 3107 2980 1875 3271 2856 1373 1517
2236 1770 1445
2237 2875 1527
2238
2239 1905 1893 9
2240 2033 1647
2241 2929 3180 3277
2242 2856 2345 2791
2243 1904 2847
2244
2245 1581 3087
2246
2247 3089 2553 1640 1929 1307 1453 2910
2248 1825 2975
2249 2366 1550
2250
2251 1456 3052 2383
2252 2417 3275 1779
2253 3032 2715
2254 3265 3075 1613
2255 3186 2325 3198
2256 2034 2006
2257
2258 1619 3079
2259 3224 3313 2612
2260 1501 2797
2261
2262 1536 2706 3224
2263 1939 3059 2792 3082 2427 2623 2783
2264 1734 2727
2265 2555 1460
2266 3316 3262 3487
2267 3840 3142 3255
2268 3237 3311
2269
2270 2288 3336 3189
2271 2785 2458 2022
2272 3138 2859
2273
2274 2394 1806 3039
2275 2857 3038
2276
2277 2744 1538 3187
2278 3312 3024 2259 2343 2796 2862 3183
2279 1412 2278
2280 2874 5
2281
2282 2978 3148 1919
2283 2040 1705 2861
2284 3137 2793 3375
2285 2659 2651
2286
2287 2426 3405
2288
2289 2881 3950 3253 3098 2909 3470 2239
2290 2552 2388
2291 3052 1773
2292
2293 3913 1955 1941
2294 3140 1845 3326
2295 1633 2908 3933
2296 1970 3931 2023
2297 1627 2326
2298 2139 3836 3278
2299 3073 3339 3094
2300 2600 1577 3249
2301
2302 2426 2036
2303
2304 1952 1424 1632 3 2773 1722 2906
2305 3940 2301
2306 3317 1518
2307
2308 3210 1612 1946 3474
2309 3252 2364 2324
2310 1753 1434
2311 1518 2754 1739 2374
2312
2313 3224 3321 1819 3203
2314 2209 2915 421
2315 2928 3362 2764
2316 2716 1555 1476
2317 1867 1612 1902
2318 3389 3046
2319
2320 2372 2629 3406 1799
2321 3313 3217 2732
2322 2380 3269 2734
2323 2040 1538 1540
2324 1985 2370 2701
2325
2326 3265 3003 2971 2965
2327 2979 996 2998
2328 3386 3131 3011
2329 3255 1507 2639
2330 3136 3486 3094
2331 2928 729
2332
2333 3920 1529 2736 3343
2334 3074 1563 3173
2335 3077 1637 102
2336 1808 2325 1510
2337 3329 1573 1789
2338
2339 1785 3357 3284 1773
2340 1540 2717
2341
2342 1802 3195 3204 3147
2343
2344 1993 1506 3371 2723
2345 3272 3177 3191
2346 3082 3229 3238
2347 2019 420 3197
2348 1536 1601 3121
2349 1748 3284
2350
2351 2658 1596 3405 1614
2352 2380 3381 3271
2353 2995 3219 3166
2354 3333 2412 3485
2355 2406 3478 2015
2356
2357 2746 1993 3018 3142
2358 2378 2675
2359
2360 3233 1371 2381 421
2361
2362 2394 3132
2363
2364
2365 3231 3393 3234 3474 3830 3084 3135
2366 1372 3078
2367 3331 3055
2368
2369 3233 1371 2748
2370 3851 2403
2371 3313 1426 1782
2372 3370 3027 3172 3323
2373 3257 1604 1729
2374 3008 2165
2375
2376
2377 1530 3206 3230 3143
2378 3265 2691 3486
2379 2737 3310
2380
2381 3371 3164 3246
2382 3184 3112 3253 3205
2383 2385 3258 3055
2384 3388 2718
2385 2410 1812 2375
2386 1616 3099 3312 996
2387
2388
2389 3225 2748 3190
2390 3064 3164 2407
2391 3170 3030
2392 3320 1594 3331
2393 1616 3361 1604
2394
2395 3376 3115 3286
2396 3272 3314 3357
2397 1818 3365
2398
2399 3242 66
2400 3362 3140
2401
2402 3265 3268 3125
2403 3203 3342 3199
2404
2405 3096 3162 3477
2406 3252 3204 367
2407
2408 3203 3308 3318
2409 3832 1473 3379
2410 3044 1604
2411 3196 3181
2412 3172 3302 3144 3066 3199
2413
2414
2415
2416 3060 2613 3112 1466 3948 2382
2417 3042 1814 2968 3228 3389 3214 3199
2418 3137 3051
2419 2680 3362 1772 3236
2420 1601 3140 2407 2008 2410 3054
2421 1616 2299 3267
2422 2600 3176 2734
2423 3839 3017 2729 3311
2424 3939 3124 2383
2425 3345 3372 3326
2426
2427
2428 2727 3209 3282 2615
2429 3345 3838
2430 1768 3076
2431 2762 3027
2432
2433 1434 3252
2434 3936 3318 2426 3243 3148 2671
2435 1617 3407
2436 1730 1934
2437
2438 1794 2709 1766 2733 3926 3053
2439 420 3023
2440 2665 1524
2441 2386 1779
2442 1841 3126 3031 2716 2620 1807
2443 66 1532
2444 3046 1783
2445 729 1757
2446 2354 1859 1539 1541 2970 2971
2447 2000 2657
2448 1470 3319
2449
2450 1426 3027 1428 3477 3093 3071
2451 1753 1718
2452 1577 2379
2453 3016 3080
2454 3010 1922 1942 2967 1961 3292
2455 1722 1658
2456 3936 1475
2457 1759 2707 2694 2776 3275 2735
2458 2619 2637
2459 2048 1917
2460 3184 2647
2461 1488 1632 1506 3348 3242 1915
2462 1704 2907
2463 2417 3410 1821 1535
2464 1825 2387 1939 2693
2465 2620 3254
2466 1640 2444 2293
2467 1632 1568 2642
2468 2916 1822 1951
2469 1673 2914 2430
2470 1858 1621 1510
2471 2306 2526 2927
2472
2473 3408 1465 3257 2775
2474 2760 3193 1499 2728
2475 1762 2252
2476
2477 2289 3281 2687 2663
2478 2316 3605
2479 3936 2062
2480 2649 3430 2857
2481
2482 1701 2516 1725 3095
2483 1512 2180 3341 1670
2484 3387 1573
2485 1477 2198 3751
2486 1696 2123 3119 3447
2487 1700 2845
2488 3240 1413
2489 2403 3435
2490 3281 3437 1591
2491 1874 2099 2452
2492
2493 3235 2423
2494
2495 3473 1848 3331 2452 2296 2552 1868
2496 1477 2230
2497 3833 2236
2498
2499 2288 1954 3246
2500 3168 1537 2298
2501 2993 1446
2502
2503 2557 1765
2504
2505 3216 2033 1907 3270 2151 2795 3149
2506 3354 1591
2507 2811 2294
2508
2509 2394 1663
2510 1438 1492 3078
2511 3755 3116 1494
2512 3153 1841
2513
2514 2725 102
2515
2516 2656 1460 3063 3049 1994 3227 1870
2517 1432 1962
2518 2713 2722
2519
2520 3080 1691 2582
2521 2554 2947 2613
2522 3160 3301
2523
2524 1888 2676
2525
2526 1472 1922 1875 2165 2375 1598 2238
2527 1906 2550
2528 2986 3405
2529
2530 1906 1886
2531 3121 1860 2231
2532 2703 1498 3919
2533 1989 2366
2534
2535 1811 3148
2536
2537 2897 3251 2565 2631 2600 1993 2271
2538 1704 2050
2539 2394 2354
2540
2541 1594 2885 2741
2542 3946 2588
2543 1948 102 2372
2544 2929 2635 2753
2545 1602 1306
2546
2547 3288 3091
2548
2549 1712 2854 4040 2681 2651 2765 1695
2550 2858 3348
2551 3921 2764
2552
2553 2616 2673 3069
2554 1708 1828 1983
2555 1844 3076
2556 1602 1484 3053
2557 3112 2614 3711
2558 395 3295
2559
2560 1531 1652
2561
2562 3168 2576 2658 2392 1512 2938 2975
2563 1691 2580
2564 1752 3279
2565
2566 3296 3202 2029
2567 1882 2787 1511
2568 3417 1831
2569
2570 1776 2324
2571
2572 1745 2948 2980 2644 3834 2637 1727
2573 2382 2951
2574 1571 2221
2575
2576 2914 2950 3847
2577 2956 2430 2055
2578 3048 1536 1475
2579 3163 3207
2580
2581 3850 2356
2582
2583 2404 2614 3274 1899 2444 3102 1423
2584 3070 3327
2585 3945 2933
2586
2587 2792 2746 3038
2588 2952 1546 2983
2589 1744 3117 3397
2590 2047 2651 2283
2591 3306 2670
2592 1562 1988 3942
2593
2594 1538 2443 3268 3031
2595 1969 2366 2679
2596 3840 3200 1991
2597 1968 3099 3357
2598 3396 1917 2766
2599 1762 2343
2600
2601 2369 3209 2444 3420
2602 3269 3252 1829
2603 3129 2686 1479
2604 1572 2044 1815
2605 1504 1644 1630
2606
2607 2041 1531 3935 3023
2608 3344 3393 3079
2609 2744 1832 3110
2610 2760 3035 3932
2611 1804 2982 3359
2612 3216 1946
2613
2614 2037 1842 3053 3073
2615 3848 3053 3109
2616 1850 3140 3093
2617 3225 3101 1429
2618 3040 3293 3254
2619
2620 2752 1580 3341 3174
2621 2034 1619 3278
2622 2769 3058 3105
2623 1776 2393 2398
2624 3946 996 2711
2625 3164 3197
2626
2627 3062 3258 3830 1943
2628 3376 3894 2727
2629 1608 2633 3391
2630 2412 678 3047
2631 1617 3322 3052
2632
2633 2432 3088 2724 3016
2634 1640 2023
2635
2636 2412 3073 3149 2365
2637
2638 3163 2643 2396 2453
2639 3085 2030
2640
2641 1833 1622 3382 3839
2642
2643 2681 3061
2644
2645
2646 3267 245 2698 2665 3242 2699 3151
2647 2742 3159
2648 3080 3480
2649
2650 3306 1979 3471
2651 3850 3149
2652 2019 3365 3086
2653 2377 3301 3479
2654 2720 3345 2669
2655 1794 1748
2656
2657 1840 3305
2658
2659
2660 1808 3027 3349 3321 3371 2684 2686
2661 1618 3851
2662 3196 1999
2663 3321 3333 3286
2664
2665 1640 3316
2666 1507 2741 1631
2667 1 3082 3333
2668 2370 3356 3118
2669 3075 3367
2670
2671 3831 3387 3023
2672 3344 2740 2742
2673 3353 1826 1822
2674 2165 3063
2675 3838 3101 3158
2676
2677 3085 1716 2693
2678 2721 3194 1829
2679 2760 3309
2680
2681 1434 3091 3477
2682 3218 3021 2999
2683 3130 3181 2365
2684 3305 1756 3297
2685 3130 1794
2686 2968 3841 2182
2687 3842 3843 3143
2688 3843 3147 3095
2689
2690 3051 2748
2691
2692 3216 3058 3846 3224 2745 3338 3087
2693 2388 3175
2694 3019 2733
2695
2696 3264 3105
2697 3354 1828 3102
2698 1612 2389 2999
2699 3305 3115 1837
2700 3289 3476
2701
2702 2403 1371
2703
2704 3377 66 3302 2696 1821 1837 3214
2705 3210 2645
2706 3120 2665
2707
2708 3304 3366
2709 2707 2742 3199
2710 3128 3088 3295
2711 3385 3001 3387
2712 2752 1824
2713
2714 3240 3181 3110
2715 3304 3130 1616
2716 3360 9 3838
2717 3338 3172
2718
2719 3265 2165 3837
2720 3474 3099 3300
2721 3058 3196 3334
2722 3344 3115 3311
2723 3472 1836
2724
2725 3480 3362 3838
2726 3089 3259 2404
2727 3368 3201 3259
2728 3107 3174
2729 3318 3212 3262
2730 3317 421 3223
2731 3192 1433 3133
2732
2733 3370 3372 2143
2734 3484 3316 166
2735 3321 1619
2736
2737 3280 3345 1434
2738 3083 3133 3142
2739 3360 3082
2740
2741 3336 3138
2742 3274 3211 3013
2743 3326 3350
2744 3482 3139 3276
2745 3208 3834 3301
2746 3090 2740 3284 1614 3228 3166
2747
2748
2749 2720 3013 3226 3228 1599
2750 2209 1606 1800 9 3213 3309 3378 3326
2751 2745 2395
2752 2012 3109 1822 2380
2753 2022 3378 3333 2406
2754 3136 3482 3374 2319
2755 3312 3092 3232
2756
2757 1825 66 3045 3121
2758 3842 3346 3061 2671
2759 3344 2389
2760 2968 3378 2412 3120
2761 3044 1830 3174 3382 1756
2762 3384 3027 1828 3359
2763 2025 1611 3073
2764
2765 2751 2402 1543 3231
2766 2992 3348 3316 3949
2767 2384 2403
2768 2376 2750
2769 2432 2417 3010 3220 2388 3061
2770 3945 3245
2771 3944 3894
2772 3475 2662 3241 1628 3341 2718
2773 1731 3845
2774 1434 2143
2775
2776 1760 3269 3369 1786 3404 2143
2777 2996 2430
2778 1618 2421
2779 3330 2708 1556 2726 2731 1709
2780 3948 2397
2781 2763 3159
2782
2783 3313 2021 3383 2953 3355 2031
2784 1864 3204
2785 3066 3251
2786 3216 2433 2992 1925 1639 2380
2787 3378 3363
2788 2420 3838
2789
2790 1955 2441 1770 2044 2717 2350
2791 1738 2682
2792 3215 3039
2793 1904 2033 1956 2998 2231 1550
2794 2372 2582
2795 1936 2009 2390 3422
2796 2745 3065
2797 1882 3479
2798 3122 2739 2413
2799 2584 2257 3054
2800 3024 2194 2763
2801 2545 3258 3373
2802 2441 2547 3054
2803 2974 1668 1508
2804 1658 1723 2348 2519
2805 2664 1482 3171 2700
2806 2697 1847
2807 3362 2652 1837 1524
2808 1703 3599
2809 1896 3935
2810 1561 3933 2206
2811
2812 2978 3475 2605 1926
2813 2842 2507 2654 2690
2814 1730 1483
2815 2291 2380 1606 3071
2816 2601 2181
2817 2794 3930
2818
2819 2226 2655
2820
2821 1872 1796 1446 2873 2360 2377 1883
2822 2923 2908
2823 1480 1812
2824
2825 2768 1466 2395
2826 1680 1451 4039
2827 2180 2855
2828
2829 2772 2277
2830
2831 2416 996 2951 3164 1629 3399 1599
2832 1733 2549
2833 3427 2742
2834
2835 2466 2642
2836 2898 3724 2892
2837 1898 2155 2109
2838 2264 1876
2839
2840 3356 3197
2841
2842 1778 1651 3315 3059 1543 13 1933
2843 2685 3485
2844 1794 2677
2845
2846 1610 2388 3006
2847 2018 1667 1581
2848 3268 2559
2849
2850 2867 1932
2851
2852 1827 3287 2943 1471 2714 1435 1711
2853 3039 2407
2854 2708 1556
2855
2856 3040 2987
2857 3296 2305 1766
2858 3256 3411 1967
2859 2400 2770
2860
2861 3852 3126
2862
2863 1712 1729 1954 1812 3477 3015 1565
2864 1477 421
2865 1492 3101
2866
2867 2721 3285 2374
2868 1808 1553
2869 2698 1619 1717
2870 3083 1766 3343
2871 1722 2268
2872
2873 2866 1491
2874
2875 2344 3237 2952 1607 2872 2990 1967
2876 1782 2919
2877 3033 3375
2878
2879 3232 3026 2685
2880 3376 2605 2046
2881 3391 2983
2882 3026 2651 1717
2883 1670 2758 3063
2884 3243 3238
2885
2886 1941 1935
2887
2888 2992 2641 3394 2695 2234 3243 1966
2889 1696 2962
2890 3365 3110
2891
2892 2344 1812 2981
2893 1801 2331 1989
2894 2385 1914
2895
2896 2040 3023
2897
2898 2963 2644 2595 3843 2361 2022 1513
2899 3361 1899
2900 3225 3275
2901
2902 1560 1633 2779
2903 3192 2603 2373
2904 3851 2947 3259
2905 2314 1990
2906
2907 2728 2699
2908
2909 2753 3090 1431 3293 2460 3933 3167
2910 420 2885
2911 2425 2907
2912
2913 3360 1773 2342
2914 3089 3074 1518
2915 1944 3226 2428
2916 1576 2931 1836
2917 3011 3197
2918
2919 2649 2335
2920
2921 1728 1986 3378 2039 3336 2908 3134
2922 2427 1831
2923 1688 1650
2924
2925 2778 1995 3151
2926 2713 1482 2670
2927 1611 2431
2928
2929 2001 1485
2930
2931 2640 1570 3333 3191 2952 2668 1774
2932 3044 2341
2933 1581 1550
2934
2935 3020 3198 1806
2936 2016 2682 3358
2937 3101 3021 2671
2938 1768 2707
2939
2940 2025 2327
2941
2942 2624 2425 2679 3080 1560 3850 2747
2943 3033 1842
2944 3179 3004
2945
2946 1 1826 3395
2947 2449 3187 3359
2948 1490 3203
2949
2950 2989 3095
2951
2952 1507 2628 1781 2460 2973 1774 1839
2953 3317 3918
2954 3148 3214
2955
2956 3488 1601 1431
2957 2737 2773 383
2958 3313 3390 2695
2959 2440 3107
2960 1992 2647 1791
2961
2962 1753 1996 2716 1725
2963 2009 2644 3230
2964 3075 1788 3950
2965 3416 2964 2623
2966 2712 3144 2680
2967 678 1839
2968
2969 1496 3328 1840 2016
2970 3 3284 1599
2971 3112 1425 1602
2972 3072 2197 2631
2973 1776 3195 3488
2974
2975 2377 2423 3246 3319
2976 2352 3371 1847
2977 3032 2629 3086
2978 2354 2638 1807
2979 3368 2355 3367
2980 3396 2038
2981
2982 3240 2689 1994 3147
2983 1848 3237 1559
2984 2720 3913 2358
2985 3296 2398 3198
2986 1562 2404 1757
2987
2988 3106 3075 3291 2679
2989 1760 3193
2990
2991 1962 3842 2403 2014
2992
2993 1810 3300 1813 3383
2994 3249 1827 3246
2995 3232 2670 3182
2996 729 3234 2412
2997 1783 3326 1559
2998 3129 2727
2999
3000 2697 3035 3181 3183
3001 3331 3317 3319
3002 1843 3845 2415
3003 2003 3940 2182
3004 2699 1974 3307
3005
3006 3292 1820 2718 3078
3007 3235 3470
3008
3009 3173 2708 3053 2970
3010
3011 3049 2699
3012
3013
3014 2689 3137 3836 3326 3339 3308 1806
3015 3842 2747
3016 1584 2402
3017
3018 3161 3243 3276
3019 3355 1619 3949
3020 3150 3134 2615
3021 2672 3378 2703
3022 3017 3227
3023
3024 3352 1818
3025
3026
3027 3376 2322 1778 2613 3031 3255 3372
3028 3051 2615
3029 2402 1807
3030 3316 3077 1599
3031
3032 3082 2695
3033 3099 1835 3043
3034 2698 3356 3084
3035 66 3093 3143
3036 3120 2719
3037
3038 3832 3250 1811
3039 1821 3166 3311
3040 2393 2738 3124
3041 1827 2695
3042 3304 1306 1594
3043
3044 3082 3059 3204
3045 3305 3356 2734
3046 2707 1615
3047
3048 3184 3472 3205
3049 9 3244 1615
3050 1824 3099 2732
3051 3344 3484
3052
3053 3842 3295 2999
3054 3273 2403 3053
3055 3851 2181 421
3056 3048 3251 3308
3057 3173 3845
3058 1307 421 166
3059 3475 3293 3237
3060
3061 3173 3342
3062
3063 3193 3211 2165
3064 3264 3196 3071
3065
3066 3249 3365 3241 3131 3356 3214 3151
3067 3202 3291
3068 2299 3479
3069
3070 1640 3308 3477
3071 3192 3074 3188
3072 3353 3194 3133
3073 3840 3179 3838
3074 3338 3308 3238
3075 1434 3836
3076 2298 1434 3191
3077 3833 3363 3245
3078 3263 3484 3231
3079 3073 3332
3080
3081 3319 3479
3082
3083 3299 3301 3086 1640 3354 3150 3183
3084 421 3174
3085 3472 3292
3086
3087 3203 3174 3831
3088 3186 3339 3307
3089 3281 3378 3229
3090 3363 3187 3013
3091 3072 1594 3078
3092 3473 3250 3084
3093 3192 3193
3094
3095 3304 3336 3155
3096 3122 3155 13
3097 3208 3842 3197
3098 3328 2999 3367
3099 3075 3325 2299
3100 3845 3071
3101
3102 3481 3227 3349
3103 3147 3235 3311
3104 66 3202 3479
3105 3841 3148 3471
3106 3360 3167
3107 3161 3349 3261
3108
3109 3299 3301 3366
3110 3058 3181 3063
3111 3163 3172 3366
3112 3368 3341
3113
3114 3851 3204 3349
3115 3347 3226 2139
3116 1599 3127 3247
3117 3113 3298 3158
3118 3840 3269
3119
3120 3848 3271
3121
3122
3123 3200 3235 3844 3013 3258 3356 3214
3124 1425 3158
3125 3368 3313
3126 3851 3245 3190
3127 3832 3211 1508
3128
3129 3193 3218 3217
3130 2139 2003
3131 3365 3301 3342
3132 3839
3133 3160 3369 3325
3134 3368 3259
3135
3136 3288 3213
3137
3138 3264 2209 3170 3156 3254 3126 3167
3139 3234 3294
3140 3345 1604
3141
3142 3321 3163 3485
3143 2003 3317
3144 3851 3269 2375
3145 3186 3293 3486
3146 1472 3172 3367
3147 3832 3001
3148
3149 3261 1606
3150 1425 3949 1510
3151 9 3835 1436
3152 3312 3211 3260
3153 3250 3172
3154
3155
3156 3846 3182 3358
3157 3352 3315 3485
3158 3282 3235 1612
3159 3209 2209
3160
3161 2298 3267
3162 3248 3203 3316
3163 3177 3190 3335
3164 1472 1306 3238
3165 2968 3204 3838
3166 3297 3331
3167 3835 3276 3295
3168
3169 3323 3188 3351
3170 3199 3333 3127
3171 3214 3475 3270
3172 3344 3233 3199
3173 3251 3269
3174
3175 13 3838 3319
3176
3177 3187 3245 3358
3178 3249 3254 3199
3179 3200 3155
3180
3181 1530 2182 3487
3182 3330 3323 3260
3183 3001 3844 3221
3184 2999 3319
3185
3186 3836 2182 3311
3187 3313 3845 9
3188 3325 13 3350
3189 3001 3234 3265
3190 3330 3316
3191
3192 3257 3001 3846
3193 2165 3294 3479
3194 3354 3306 3307
3195 3227 1429 3323
3196 3488 3314 1606
3197 3834 3214
3198
3199 3848 3842 2990
3200 1306 2003 3284
3201 1306 3309 3341
3202 3008 3257 3331
3203 9 3331 3265
3204 3285 3198 3167
3205 3269 3343
3206
3207 3481 3053 3327
3208 3282 2266 3324
3209 3273 3302 3353
3210 3246 3213 3214
3211 3250 1507 3310
3212 3272 3233
3213 3298 3299 3846
3214 1424 3328 3315
3215 3282 66 3950
3216 3297 1605 3293
3217 3065 3212 3335
3218
3219 3298 2
3220
3221 3218 2196 3240 1594 3851 3838 3323
3222 3280 1605
3223 3352 1608
3224
3225 3280 1433 3286
3226 3292 3247
3227 3122 3835 3340
3228 3833 3311 3271
3229 1426 3283 3210
3230 9 3831
3231
3232 3325 3478
3233
3234 420 3333 3239 3352 3257 1434 3847
3235 3280 3850
3236 3252 1436
3237 2392 3477
3238
3239 1429 3238
3240 3345 3324 3309
3241 3185 2 3265
3242 3226 1594 3471
3243 1306 3319
3244
3245 3832 3329 3250
3246 367 3302 3319
3247 3312 3333 3245
3248 3340 166
3249 3260 1436 1426
3250
3251 3322 3347 3311
3252 3264 3484 1424
3253 3264 3271
3254
3255 3304 3332 3254
3256 3834 3283
3257 1426 66 1606
3258 2144 3345 1599
3259 3326 3831
3260 1425 3948 3319
3261 2 3843 3319
3262 3840 3260 3317
3263 3842 3347 1605
3264
3265 3483 3310 3299
3266 3336 1306 1606 3199
3267 3344 1436 3287
3268 3482 3475 3319
3269 1425 3260 1612
3270
3271
3272 1436 3285 3479
3273 3840 1473 3307
3274 1436 3837
3275 2392 3053 3175
3276 1608 3334 3271
3277 3304 3305 3322
3278
3279 1436 383 3479
3280 9 1306 3837
3281 3301 3335
3282
3283 3323 3326 3199
3284 3832 3330 3278
3285 3848 3837
3286 3329 3299 421
3287 2970 3851 3262
3288
3289 1306 3260 3477
3290 3836 3262 3479
3291 3836 3215
3292
3293
3294 2968 3833 3214
3295 3249 3299
3296 3300 3327
3297 729 3315
3298 1472 3842 3307
3299
3300 1472 3315 3213
3301 420 3300 1508
3302 3305 3 3948
3303 3328 3301
3304 420 3315 1508
3305 1426 1604 3318
3306 3008 3282 13
3307
3308 3264 3949 3838
3309 3842 421 3950
3310 3300 3325
3311
3312 3832 1298 1426
3313 3322 3299 1436
3314 3329 3262
3315 3948 166
3316 3948 2990 1508
3317 3008 3260
3318 1426 13
3319 3833 3837 3318
3320 3832 367 166 383
3321 3 1605
3322 1298 3844 3260
3323 729 1425 1473
3324 3304 2 1608
3325 3249 1507 3950
3326 3320 3318 3264
3327 1473 3298 3249 3844 3323 3308
3328
3329
3330 3008 3844 3832 3948 1612
3331 3299 421 167 3309 3249 3315 1433 3262
3332 3319 3839
3333 3264 66 3299 421 167 3175 3950 3834
3334 3 3838 2392 3833 3322 3323 3470
3335 3328 3280 3312 1605 729
3336 66 3282 3332 3293 9 3306 3213
3337 1424 3285 3478 729 3290
3338
3339
3340
3341
3342
3343 1604 3480 166 3274 3948 367 3313 3288
3344 3264 9 3306 3312 3316 3480 3321 3483 3260
3345 3477 3839
3346 3339 3343
3347 3834 1429
3348 2968 3331 3269 3286
3349 2144 3270
3350 3322 1307 66 3262
3351 3297 3319
3352 3288 3306 2197 3847
3353 1473 3330 9 3835 3324
3354 3301 2266 2165 3247
3355 3840 3185 3273
3356
3357 3310 1594 3187 166
3358 3472 3203 3340 3275
3359 3258 3851
3360 3474 3260 3237 3831
3361 3266 3058 3260 3278
3362 3841 3222 3224 3177 3324
3363 3297 3475 420 1604 3316 3240
3364 3328 1429 2181 3349 3240 3310
3365 3171 3204 3480 1606 3320 3160
3366 3345 3291 3297 3343
3367 3340 3293 3246 3350
3368 3172 1508 3317 3337 3277
3369 3140 3176 3274 3277 3288
3370 3482 3173 3094
3371 3840 3474 3255
3372 3185 3171 3173 3178 3318 3114
3373 3136 1508 729 3482 3165 3327
3374 3329 3218 3846 2968 3162 3134
3375 3136 3365 3304 3178 3835
3376 2970 3259 3846
3377 3284 3085 166
3378 3088 1306 3843
3379 3842 3342
3380 3128 1433 420
3381 9 3164 3061
3382 3360 3237 383
3383 3128 3210 3219
3384
3385 3120 3225 3194 3239
3386 3136 3280
3387 3104 3473
3388 3265 3097 3146 3948
3389 1536 3329 3171 1640 1818
3390 2144 3201 3241 2615 3001 3114
3391 3488 3153 2740 3228
3392 3320 1835 3839
3393
3394 2016 2401 3115 3031
3395 3224 3476 3852 3173
3396 2697 2266
3397 2737 3844
3398 3299 3476 3045 3846 3353 3209
3399 3121 3933
3400 3277 13
3401
3402 3266 2706 3380 2389 1813 3102
3403 2752 3317
3404 2749 2717
3405 2722 2676 2997 3062 1607 2744
3406 3042 2990
3407 2427 1807
3408 3168 3297 3329 2647 3035 2031
3409 2419 3212
3410 2746 3324
3411
3412 3280 2385 2977 1780 3157 2708
3413 1549 3373
3414 2002 1559
3415 3264 1605 3159 3207 2764 3357
3416 2722 3326
3417 3229 3030
3418
3419 1616 3409 2370 1946 1964 3311
3420 2378 2038
3421 2298 1627
3422 2433 3153 1578 3305 2698 2971
3423 3192 3172
3424 3241 3940 3174
3425 3249 2771 2715
3426 3112 3363 2400
3427 3281 2220 3102 2943
3428 1913 3266 2597 1817
3429 2016 3219
3430 2920 2025 1579
3431 2657 2956 1542
3432 1845 1646 3351
3433 3832 1495 1647
3434 2850 2286 2303
3435 1595 3367 2935
3436 1857 3481 3427 1659
3437 1817 1457 3229 2846
3438 3291 1902
3439 2232 3381 4038 2935
3440 2064 3343
3441 1817 2170
3442 3264 1459 1806
3443 2888 3073 3356 1453
3444 3335 2513 2092 2887
3445 2841 2503
3446 3745 2945 3363 2863 1757 1454 3199
3447 345 2553
3448 2603 2313 2067
3449 2102 3098 2764 2702 2652
3450 1882 2276
3451 2829 3343
3452 3346 1539 3395 3445 3926 2490 2955
3453 2585 3371
3454 3680 3611 1527
3455 2178 1897 1803 2187 3757
3456 3242 1906
3457 2668 2501
3458
3459 2659 1909 2310 3927
3460 3057 2703
3461 3025 2076
3462 2864 3050 3739 2709
3463 2482 4038
3464 2564 3063
3465 2344 1674
3466 2961 3227
3467 1355 1348
3468 3566 799
3469 1256 2488
3470
3471 3288 3281 3473
3472
3473
3474 3053 3287
3475
3476 3312 3834 1307
3477
3478 3842 3846
3479 3481 3309
3480
3481
3482 3332 996 3830 2999 3309
3483 3472 2392 1433 3482 3001 3836 3839
3484 3053 3214
3485 3300 3340
3486 3475 3318
3487 1436 3949
3488 3336 1298
3489 2392 3329
3490
3491
3492
3493 915 1782 1095 3913 3580
3494 931 974
3495 2395 2758
3496 3954 683
3497 3628 1175
3498
3499 3602 3370
3500 1880 2508 1340
3501 1416 2812 1741
3502 2546 2894 534
3503 3513 1845
3504 2195 1708 3323
3505 3418 2270 3503
3506 3120 2996 1574
3507 3598 2151
3508 1412 3326 1415
3509 2568 2877
3510
3511
3512
3513
3514
3515
3516
3517
3518
3519
3520 2336 3937 3842 2402 3176 2061 2446 2032 3604 2612 1823
3521 0 2101
3522
3523 3167 3103
3524 3753 2910
3525
3526
3527
3528
3529 2210 2244 3077 1478 2532 2981 1671 2766 2992 1620
3530 1661 2383
3531 3587 3358
3532 2256 2682 3396 2927
3533 3232 1614
3534 2889 1634
3535 1856 3187
3536 345 2957
3537 3648 1493
3538 3929 2349
3539 1841 2550
3540 3322 3767
3541 3561 3170
3542 4042 1542
3543 4039 3751
3544
3545 2058 3091 2932
3546 1980 2140 1863
3547
3548
3549 3240 2470
3550
3551 3740 3421 2006
3552 2554 2099 1452
3553 1720 2835
3554
3555 2056
3556
3557 3152
3558
3559
3560
3561 1696 2225 3145
3562 2963 1492
3563
3564
3565 1704 3444
3566 2617 2149
3567 1925 3831
3568 2930 3516 3364
3569 1777 1717 3086 1773
3570 3444 2325
3571
3572 1837
3573 3105 2349
3574 1444 3373
3575
3576
3577
3578 420 2190 3007
3579 2388
3580
3581
3582 3272 3721 534
3583 2761 2647
3584 3408 3418 3258 1431
3585 1986 2540
3586 1873 3145
3587 1760 1455 3759
3588 3656 3840 2356 2575
3589 2610 2814
3590 2381 1975
3591
3592 1959
3593
3594
3595 1731 1910 2283
3596 1927
3597 3206
3598
3599
3600 1801 2204 1935
3601 2396
3602
3603
3604 2227 420 2013
3605 2234 2763
3606 2514 3949 3166 3935
3607 1940 1678
3608 2114 2586 2428 1982
3609 2706 2782
3610 1787 2494
3611 2599 2551
3612 1991 3063 2191
3613 2055 1708 1789 1951
3614 1870 678
3615 1873 3499
3616 1617 3523
3617 1528 2971 3030
3618 3171 3675 1814 3703
3619 1644 2511
3620 3191 1999
3621 3920 2633 2419 2645
3622 1757
3623 3789 2807
3624 1776 3671
3625 1697 3677
3626 2275 3261
3627 3562 2300
3628
3629 3569
3630
3631 2760 1569 2756
3632
3633 1676
3634 1537 1442 2428 2550
3635
3636
3637 1681 3018 3415
3638 2426 3067
3639 2569 1579
3640 3144 1755 3556 2869
3641 3048 3701
3642 2569 1996
3643 3248 2065 1702 1926
3644 1313 1404
3645 2524 3189
3646
3647
3648
3649 2608 1985 3097
3650 1633 3747 2015
3651 2745 1803
3652
3653 1463
3654
3655 3193
3656 3736 2124
3657 1368 2240
3658 2596 3091 3132 2852
3659
3660 3388
3661
3662
3663 3544 3721 1845
3664 1782 2286
3665 1598 2894
3666 3504 2418 1588 3719
3667 2619 1438
3668 1673 2482
3669 1816 3361 2347 2239
3670 1763 1734
3671 2897 1469
3672 3021 2805 3647 3791
3673 2075
3674 2392 2911
3675 3609
3676
3677 1494
3678
3679 2178
3680
3681
3682
3683 2202 3547 2855
3684 2235 2292
3685 2121 3717
3686 3439 1863
3687 2401 2363 3353 3926
3688 3530 3726
3689 3438 1391
3690 2184 3515 3572 2471
3691 1689 3651
3692 2504 1973
3693
3694 1387
3695
3696
3697 2825
3698
3699
3700
3701 1424 3315 2358
3702 2314 2244
3703 345 1418
3704 1423 1847
3705 1514 1667 2429 3437
3706 3275 2821
3707 1875 1580
3708 3440 3449 1354 1308
3709 1438 3775
3710 1345 3233
3711
3712 3568 1627
3713 3521 2179 1644
3714 1688 2060 1573
3715 3152 2291 2971
3716 1593 3719
3717 3428 3756 2023
3718 2751 3276 1943
3719
3720
3721 2921 3031
3722 3403 1453
3723 2920 2468
3724 1526 1508 3132
3725 2154 2899
3726 2608 2937 2736
3727 3322 3147
3728 1368 2 3347
3729 3525 3133
3730
3731 2004
3732 3232 2782
3733 3478 2518
3734
3735 1483
3736
3737 3365 1671
3738 3085 2261
3739
3740
3741
3742
3743
3744
3745
3746
3747
3748
3749
3750 2467 3235 3941 3747 3416 1481 2284 1772 1808 2005 1624 2265 1690
3751 1696 2977 2353 3032 2570
3752 2517
3753
3754
3755 2912 3426 3394 1606 2986 2955 2987 2935 2424 2232 3415 2717 1630
3756 3312 2878 3932 2253 1614
3757
3758 2803 3219
3759 2768 2492 2028 2408
3760 1612 2654
3761 1491 3103
3762 2216 2922 3726 2463
3763 3933 1654
3764 3417 2475
3765 2959
3766 3009 1930 2685 3377
3767 2633 1915
3768 3945 3116
3769 2472 2103
3770 1768 3219 1396 2628
3771 1729 3071
3772 2052 2189 3310 3223
3773 2990
3774 2440 2254
3775 2560 3662
3776 1756 1807
3777 2694 3599
3778 2348 245
3779 1784 3676
3780 2000 3661
3781 1488 2252
3782 3642 1878
3783 2378 1436
3784 2474 2231
3785
3786 2089
3787
3788
3789 3233 3934
3790 2653 1495
3791 1866 1983
3792 1801 2555
3793 2708 2619 3756 2165
3794 1380 3831
3795
3796 2400 2933
3797 2328 1407 2119
3798
3799
3800 1529 3148 2621
3801
3802 2581 2375
3803
3804 2843 3053
3805
3806
3807 2641 3690 1444 1646
3808 2177 3331 1348 1928 2955 1677
3809
3810
3811 1320 3307 3949 2799 1074 3188 1624 1370 1599
3812
3813
3814
3815 3632 1619
3816
3817
3818
3819
3820 1924 1605 1357 3536 3537 1363 2398 3230 3358 2021 2535 2408 2984 1385 3758 2428
3821
3822
3823 825 1341 2085 1495
3824
3825 1923 3289 2566 1897 3898 1561
3826
3827
3828 1699 3590 1178 1787 3900
3829 2432 1921 3384 2246 3208 3081 2314 2573 3343 3797 2646 2262 2013 3233 2533 3238 1257 1709 3182 1653 2485 3062 2168 2172 573 1343
3830
3831 1473 3249 3836
3832
3833
3834 1424 3300
3835
3836 3833 3213 166 3319
3837
3838 1608 1298 1508 421
3839 2 1508
3840 3316 3318
3841 3322 3311
3842
3843 3948
3844
3845 2990
3846 1424 1425 3949 3830
3847 3833 3842
3848 3843 1508
3849 3322 3175
3850 1424 1425
3851 1426 421
3852 1472 3298
3853
3854
3855
3856 3721 2947 3909
3857
3858 3787 1390 2071
3859 1145 3354 3593
3860 1050 347 3236
3861 2482 3031 687
3862 1082 2378
3863 1796 2653
3864
3865 3763 1284 1551 2127
3866 3410
3867 3150 1399
3868 520 3748
3869 3181
3870 944 3290 538 3446
3871 3717 1287
3872 2080 2801
3873 1376 1999
3874
3875
3876 3912 1035 1376
3877 1395 1924 1031
3878 498 1586 3237
3879 3160 1116 2327
3880 192 1578 2607
3881 2169 507 637
3882 312 2792 832
3883 3844 1309 2678
3884 585 322 2569 487
3885 2196 2883 1004 981
3886 1398 1326
3887 356 2263
3888 3963 615
3889
3890
3891
3892 3469 3367
3893 800 1089 2741
3894 3084
3895
3896 3716
3897
3898 1931
3899
3900
3901 1353 3465 2066
3902 2723 1310
3903 3450 1570
3904 1518 2626 396 2310
3905 3792 3562
3906 2232 3531
3907 2248 2865 3098 3927
3908 2930 390
3909 3800 3658
3910 1159 1194 1162 775
3911 3392
3912 579 1275
3913
3914
3915
3916 1567 1823
3917 1761 1853 1981
3918
3919 1971
3920
3921 3036 3077 3167
3922 3083 2298 3387
3923 3340 1565
3924 2385 1605
3925 2144 3197 3373 1823
3926 1640 3249
3927 3281 1502
3928 3125 2633 3099 1733
3929 3894
3930 2027 2718
3931
3932
3933
3934 2144 2763
3935 3224 2298 3486
3936
3937 3486
3938 3073 1434 3365
3939 3048 3129
3940 3284 3118
3941 3155 3007
3942 3184 3353 2691 3239
3943 1762 3151
3944 3282 3374
3945 1640 3130 3357 3302
3946 3154
3947 3 1797
3948
3949 1507 3318 3319
3950 1608 3320
3951
3952 4036 14
3953 1117 3989 7
3954
3955 1410 556 4015
3956
3957
3958
3959 530 3982
3960
3961 3960 722 1774
3962
3963
3964 3113 173 327
3965 57 797 822 463
3966 482 3866 4070
3967 3984 706 307
3968 1065 4083
3969
3970 619 695
3971 19 4021 38
3972 105 418 467 68
3973
3974 4096 4066 2686
3975 1313 36 151
3976 153 21
3977 264 452
3978
3979 681 1222
3980
3981 892 3028 1597
3982 1712 529 283 159
3983 928 2213 1359
3984 4008 717 216
3985
3986 3451 141
3987 176 3586
3988 3891 787 823
3989
3990
3991 620 3509
3992 217 409 618
3993
3994
3995
3996
3997
3998 571 2508 637 254
3999 980 1012 598 2485 540 3917
4000 224 737 644
4001 456 3861
4002 654 3878
4003
4004 1537 424 479 830 1423
4005 3552 584 950 3495
4006 4090 4052 3756
4007 3995 3908 533
4008 2584 697 1370
4009 162 1046 791 3964 285
4010 1745 3794
4011 701 294
4012 4016 77
4013 4088 2992
4014 4061 132 983 10 477
4015 308 3974
4016
4017
4018 249 966
4019 1232 628 333
4020 1744 1684 148 590
4021 4097 3970 515
4022 1824 129 1073
4023 819 147 134
4024
4025 73 27
4026 728 3906
4027 907 3956
4028 3971 2388 2157
4029 99 1198 227
4030 8 810 700 4060
4031 3976 34
4032 4048 4029 71
4033 24 4055 4031
4034 4027 460 133 111
4035 4033 4045
4036 90 886
4037
4038 1504 2017
4039
4040 3323 3404 1526
4041 1795 2365
4042 1691 3476
4043
4044 130 131 906
4045 1846 665 718
4046
4047
4048 3712 881 3392
4049 2465 307 971
4050
4051
4052
4053
4054 676 233 20 905 474
4055 3972 4023
4056 3988 84
4057 4028 3951
4058 98 891
4059 3824 652 4101
4060 4104 3965 4095
4061 3969 380 670
4062 649 839 4071
4063
4064
4065 1386 1365 1374
4066 3491 1219
4067 3800 484 767
4068 160 3749 1286
4069 864 301
4070 808 381 615
4071 2688 2260 735
4072
4073
4074
4075 2483 502 499
4076 3222 1675 405 1134
4077 872 3505 949
4078 497 789 2182
4079
4080 1707 1758 527
4081 3579 2804
4082 792 3672 444
4083 336 324 3855
4084
4085
4086 328 977 589
4087 2833 3222
4088 858 3765
4089 364 3277
4090
4091 136 212
4092 48 226 610 1443 1243 926 1695
4093 684 4046
4094 633 243
4095 3253 3999
4096 664 1211
4097 3932 3973
4098 4018 582
4099 2096 4091 3901
4100
4101 889 1889 325 183
4102 769 4078 247
4103 733 4079
4104 742 815
